#Position (bp)	Coverage
14238.0	121.17773485513608
34467.5	115.54581108144193
48705.0	114.9440907161482
71188.0	119.34131694468833
86054.5	80.5779014308426
100292.0	117.75449167799538
121615.5	120.16124432922878
135853.0	116.51674971253354
156613.0	121.29014925373134
173324.0	112.94299575500303
187561.5	115.81511390683441
211401.0	119.02803196555008
225638.5	77.7867715078631
242038.0	118.98886742756804
266726.0	113.52198459403856
280963.5	72.84512806971217
298988.0	105.18156277436347
320661.5	99.67025282409898
334899.0	123.19635374549732
355938.0	107.21731343283582
378632.5	84.98214496866501
392870.0	129.6383530836433
412585.5	110.78399712952996
426823.0	74.28099173553719
441363.0	126.14071992976295
460101.0	112.04855016109322
474338.5	136.1075793365513
493035.5	123.60786830357142
507273.0	127.9073424917101
524591.5	120.78631342911719
538829.0	141.58980195765992
555263.0	116.43912203687445
570103.0	42.549377593360994
584340.5	131.43678034470113
601922.5	106.96896376995186
616160.0	109.42140809484476
633008.0	121.16637438048036
647245.5	132.46946614583334
663944.0	121.6784942063536
678181.5	138.639394520023
697532.0	123.04249371970421
711769.5	62.7122641509434
726113.0	30.747603160667254
742658.0	26.637919826652222
756895.5	125.65963956412406
773098.0	156.09842012873025
787335.5	112.8469643753136
807604.0	110.48828068132188
821841.5	153.08362989323842
838909.0	114.62576617048008
853146.5	131.40307971014494
868488.0	136.4718525021949
883450.0	87.03864734299516
897687.5	119.09135647154592
913382.5	108.46998166819432
927620.0	122.32462361577703
942970.0	98.30080437092123
957207.5	108.54939230558348
973580.5	107.70156537753223
987818.0	123.64791370990633
1003578.0	114.44573894282632
1017815.5	128.67721345229924
1032869.0	130.4117268455944
1047106.5	122.75946823311176
1062736.0	112.4956061350363
1076973.5	110.92850108331692
1091933.0	102.56569693903364
1106170.5	108.90034443168771
1120776.5	121.17008096771046
1135014.0	106.20581964128935
1149573.0	107.66573658075195
1163810.5	110.250068212824
1177853.5	100.71420312198882
1192091.0	143.05479984453945
1206407.0	121.09405632859944
1220644.5	80.36961121396456
1234281.5	122.06813108766234
1248519.0	120.80018258587242
1263172.0	110.53740933651365
1277409.5	113.30811901159859
1292710.5	119.85086016762241
1306948.0	135.81602067183462
1320767.5	125.80534945497847
1335005.0	97.31847613311248
1348624.0	118.99169782007088
1362861.5	111.35415079969536
1378451.5	119.8095013303579
1392689.0	116.9220954958438
1406135.0	123.91256503522261
1420372.5	113.14017169923031
1433683.0	113.84022149509187
1447920.5	111.64982578397212
1462573.0	142.8886687605702
1476810.5	91.63341902313624
1490088.5	111.35342991052407
1504326.0	111.84173626147026
1517803.5	112.51628419100602
1532041.0	123.85471075853462
1545849.0	115.30383606757334
1560086.5	126.00157310813049
1572904.5	114.03953385455083
1587142.0	128.85781323322385
1601038.5	110.53867660764213
1615276.0	108.98063978460158
1627854.0	116.67385162707963
1642091.5	121.41362723332276
1655938.5	130.78919781221512
1670176.0	121.0459414183461
1684475.0	142.67097426677154
1698712.5	128.21383326522272
1722738.0	124.16568920105355
1751213.0	116.8380684811238
1771613.5	118.91911406782411
1785851.0	127.16576877825253
1798543.0	123.79296155928533
1812780.5	112.74168399168398
1825831.0	118.006558810669
1840068.5	123.09743684648839
1852299.5	113.3002106741573
1866537.0	114.16467007453078
1881784.0	150.18265872200533
1895852.0	130.57952640852636
1907656.0	74.952802359882
1919484.5	127.3322754953255
1933722.0	111.05099864262168
1946647.0	128.33267288455033
1960884.5	115.12271909534824
1973372.5	105.33912992904501
1987610.0	122.78875986171438
2000901.5	113.24212521239053
2015139.0	118.40818340545054
2026666.0	116.84849711567655
2040903.5	117.08411315478111
2052315.5	109.96501182033097
2065726.5	139.72605347025495
2077849.0	97.35450695704779
2089880.5	99.0594823739402
2104118.0	117.17328936521022
2115760.0	120.12155177420291
2129997.5	133.23045486851456
2140858.5	109.76141792470858
2155096.0	127.11899605752679
2166264.0	86.827363069101
2179242.0	125.9552915067733
2191316.0	185.508932115919
2202646.0	121.7468844645251
2216883.5	107.01655867530597
2228406.5	98.19283578031539
2242644.0	133.33234033277628
2255249.0	114.96435747357386
2269486.5	117.21734789758045
2280590.0	215.9144622513999
2294062.0	114.07714220078107
2305710.0	110.842586544742
2316420.5	103.55490196078432
2330658.0	116.08118811881188
2341236.5	122.20028635062043
2355474.0	152.95183298748663
2367604.0	150.30824458537754
2381841.5	113.07938164827517
2392555.5	112.88015267175572
2403727.0	111.66557314695955
2417309.5	117.96836268754078
2427762.0	111.82718472889731
2441999.5	120.95934900014596
2452517.0	122.56934406109369
2466551.5	120.87745949074075
2477122.5	91.60837438423646
2487789.5	105.6909881498471
2502027.0	101.91440307406917
2513153.0	120.34892893573614
2527390.5	120.93500363108207
2537735.0	98.78017054487643
2551497.5	120.83218480054353
2562275.5	109.43789473684211
2573019.0	126.69703462044116
2587256.5	109.46573444192492
2597931.0	111.35187532622474
2612168.5	126.17319437068508
2622667.5	148.2608695652174
2635566.0	118.40019131047677
2646836.5	104.11090365944735
2657246.0	116.7864505815556
2671483.5	132.5612541126379
2681835.0	118.56263863439098
2696072.5	120.41378548547443
2706127.5	182.99750499001996
2717007.0	122.63801569222981
2730242.5	115.05345443716497
2740095.0	114.6284548464085
2754332.5	119.84657109647424
2764081.0	114.9389179755672
2775919.0	117.00894991100941
2788151.0	92.3859137320275
2800174.5	112.04857647547797
2814412.0	172.56388858784004
2825587.0	117.29360664482206
2839824.5	116.4112167795727
2849873.0	122.91654373024237
2862522.0	105.61407093854912
2874387.0	105.71828769279195
2884228.0	116.48348985156014
2898465.5	114.29949874686717
2908149.0	115.91009868865757
2921394.5	112.40552005865717
2931933.5	91.84828629032258
2941926.5	107.5089434507277
2956164.0	123.56526305738566
2965662.0	124.6841487739059
2979711.0	118.94922094508301
2989687.0	57.20159151193634
2999441.5	126.4513903407903
3013679.0	120.58974633415392
3023452.0	123.10095070077428
3037689.5	119.89322460595447
3047305.0	84.2919708029197
3057008.0	119.52805334200683
3070766.0	127.86437313926562
3079861.5	92.0938390703793
3093776.0	120.69909659485754
3103452.5	132.1749226006192
3112782.0	114.89757397435186
3127019.5	124.3522271076276
3136409.0	116.86665865095587
3149644.5	109.97532224303184
3159723.5	117.2814371257485
3168761.5	118.74340467894474
3182999.0	116.37224864952027
3192348.0	109.80142970611597
3204424.5	114.43588307761227
3215514.5	123.96020360944007
3224853.5	111.0132348843689
3239091.0	119.56866633614278
3247970.5	105.77335164835165
3259194.0	127.1839208805232
3271611.5	125.57531519575315
3280684.0	70.88644053808699
3294921.5	110.35291600440152
3303807.5	104.69024045261669
3313951.0	32.59031420547873
3327481.5	113.72300928187592
3336102.0	119.89738208328731
3349987.5	121.39176194037825
3359698.5	124.66193181818181
3368463.0	123.9819910846954
3382700.5	111.05982832618025
3391637.0	372.67314799935724
3403555.0	124.58871288252995
3414681.0	115.26212545807286
3423672.5	113.78499700239809
3437910.0	123.71746745092855
3446890.0	266.1237186284906
3456879.0	119.78167823196688
3469702.0	114.15840885018241
3478246.0	125.34314980793854
3491348.0	132.75478339862602
3501290.0	93.00660501981505
3510950.5	190.22375366568915
3525188.0	125.17628008752735
3533930.0	120.46591846839412
3545330.5	114.99265320750209
3556538.5	116.38297497356362
3564561.0	125.16796837334876
3578315.0	107.45906518060337
3587367.0	29.284384694932783
3595963.5	65.92937261185752
3610201.0	70.34206874030534
3618778.0	80.0986748216106
3629277.5	111.8749223313036
3641062.5	122.98622257891921
3649059.0	124.89479863801809
3661088.0	114.76970593912876
3671067.0	158.58252207380576
3679930.5	145.80548459804658
3694168.0	110.20178041543026
3702636.5	68.2951467268623
3712096.5	125.69669932353628
3725448.0	124.11920460491889
3733267.5	123.68951347797501
3743902.0	116.76002634178465
3755097.5	117.68956425201222
3762770.0	126.67022975795552
3774426.5	123.53433504679056
3784594.5	121.35141418055018
3792100.0	120.86516397603818
3804514.0	127.82769210227652
3813827.0	112.1721963257472
3821351.5	113.52718821259428
3834722.0	107.40276419584066
3843258.5	43.73817762399077
3851110.5	105.42462419470293
3865348.0	88.82805928990004
3872824.5	3.607142857142857
3880451.5	126.08550587599622
3894465.0	132.55676575145603
3901840.0	101.89208633093526
3910612.5	111.18731268731268
3924085.5	121.97657822506862
3931442.0	116.15490351572826
3940577.0	120.04134741492372
3952923.0	121.04262616364527
3960493.0	124.55177304964539
3970194.0	89.46996612981268
3981964.0	123.93794775708145
3989180.0	128.6697144989737
4000061.0	117.88745961104676
4011619.0	113.64099508416506
4018801.5	129.7093570308416
4030166.5	127.03249767873723
4040578.0	21.801566579634464
4047647.5	24.516082916368834
4059209.5	121.52410047522064
4069250.0	118.43711455802654
4076384.5	124.92475891455483
4087844.0	117.13206199557175
4097622.5	107.86267098632109
4104657.0	112.57218371901797
4116260.0	72.55441366637174
4126241.0	117.16378819510344
4133967.0	108.68742021015417
4145791.5	110.60493093717511
4154937.5	68.61230832987982
4161667.5	100.93514014361826
4173074.5	128.48504936530324
4182995.0	116.56580109521286
4190266.0	118.02274518635289
4201372.5	113.83243324332433
4211169.5	123.06148195464708
4218190.5	135.2439588688946
4228707.0	120.92250811137102
4239054.5	120.43227626981994
4245592.5	114.395101171459
4255327.0	167.71434766895555
4266747.5	106.67677104152787
4273358.5	115.30716318785579
4281936.0	111.82402040343149
4294065.5	152.06395759717316
4302473.5	102.47580058224163
4311680.5	120.15335191206069
4323170.0	126.18854984593976
4329648.5	134.27589779005524
4337631.5	113.30321346595257
4350421.0	123.08194100247822
4357128.5	113.27814569536424
4363982.0	120.04515272244356
4377548.0	116.01793315190845
4384932.0	85.70480549199085
4391318.0	122.19156870693149
4404108.5	118.19492677034576
4412178.5	102.04630269523152
4418449.5	126.47750829187396
4429522.5	112.08225316050569
4438936.0	129.59977879601834
4445728.0	138.09937973811165
4455583.0	104.2228823765556
4466193.0	97.95356531660012
4472601.5	55.0535538005923
4480788.0	116.24088953818683
4492999.5	88.76673277144273
4499314.0	104.3225806451613
4505721.0	126.93594856352242
4518149.0	91.79528999920439
4525979.5	124.5620957309185
4532212.0	127.2851808385789
4543203.5	147.28001586042822
4552754.5	92.14756623536661
4558773.5	123.99945906959971
4567762.0	116.0366020432789
4579226.5	30.3879786626024
4585354.5	112.07053469852104
4592532.5	110.59938085410383
4604878.5	115.58599305440714
4611938.0	126.48493827160493
4618121.0	104.49995164877672
4629270.0	127.09776699841098
4638337.0	120.87453456370406
4644320.5	114.4566493955095
4653302.0	22.08198472028259
4664644.5	122.17960426179604
4670565.5	117.3390977443609
4677083.0	114.82580093976932
4688874.0	108.81720973309758
4696594.0	104.76620825147347
4702690.5	108.46906141367323
4712828.5	119.19328524815387
4722751.0	137.1335528723015
4728664.0	127.53349875930522
4736535.5	119.10960713106635
4748390.5	104.52527169225462
4754756.5	26.34358523725835
4760543.0	101.2018207954001
4771717.0	120.44892134642828
4780737.0	106.69952668516403
4786737.0	119.36795504852716
4795493.0	124.03462496778074
4806794.0	28.96843929581319
4812458.5	353.03005464480873
4818365.0	129.85061588189046
4829659.0	120.64994165694283
4837990.0	114.39829740988951
4843643.5	127.14586933978569
4852328.0	110.31045497712164
4863672.5	125.43553034395822
4869385.5	84.0125
4875431.5	139.27777777777777
4886850.0	183.1929507455942
4895041.5	122.61188416698006
4900552.0	114.63019463440294
4909290.0	101.90622611059203
4920643.5	91.29979879275653
4926143.0	33.98461538461538
4931660.0	122.97027987966086
4942768.0	123.2580243620521
4951521.0	122.36108004473559
4956951.0	144.14714192566834
4966389.0	174.95334500875657
4978326.0	120.3508698822794
4983779.0	242.02065799540932
4992302.0	108.0886968676536
5005706.0	111.35161261179871
5011420.5	32.80833333333333
5016827.5	102.82733881767744
5027450.0	101.28449633954222
5036460.5	128.0982019363762
5041844.5	114.01413227812323
5048960.0	109.87468437295426
5060039.0	105.96458787614479
5067161.0	108.26196473551637
5073267.0	158.00858687586134
5084057.5	144.74670727691802
5093578.5	116.15607774876705
5098945.5	114.85442708333333
5106191.5	117.86284265865565
5117058.5	280.9342176502436
5124050.0	125.4657014822475
5129514.0	67.0038619658652
5138851.0	105.1378792148023
5149075.0	125.10519334761759
5154368.0	117.62420382165605
5160118.5	104.19886151549086
5170701.5	127.70392344497607
5179188.5	292.0541079092581
5184644.5	150.2067000911577
5192030.0	109.67533468169123
5202452.5	109.83549990441598
5209304.5	125.68445404071561
5214595.0	85.05055184630059
5223503.0	151.07358976806339
5233999.0	114.41806942463148
5239328.5	34.354166666666664
5244826.5	114.29146701068927
5255336.0	118.08616110947182
5264147.5	96.5261534334764
5269101.5	267.58768352365416
5275403.5	105.302304964539
5285625.5	117.80159347065683
5293561.0	84.55153253271196
5298763.0	230.6143005181347
5306117.0	115.05888900131539
5316252.0	122.1822470395687
5323135.5	60.976331360946745
5328441.5	60.88426438053097
5336991.0	92.0630384108645
5346942.5	116.78547229972101
5352630.5	115.41716417910447
5357893.5	117.1153929893316
5367400.0	96.92021980258471
5377044.5	118.0588670471359
5381941.0	78.88519637462235
5387155.0	119.56759433495098
5397221.5	113.00866879234755
5406245.0	123.8928972662589
5411088.5	125.05727923627686
5416752.5	94.1559262329051
5426404.0	122.80644492798673
5434977.5	126.1092582710779
5440005.5	94.88671875
5446068.5	97.2736776081957
5455630.5	97.6443816698054
5463805.0	98.11691945221617
5468569.0	131.76653270003655
5474910.0	112.81327300150829
5484653.5	108.01571997484804
5492550.0	122.2441209406495
5497391.0	112.24191197901486
5504047.0	121.6091488715717
5513672.0	119.03853132671577
5521253.5	115.84276838108389
5525943.5	129.45036252091467
5534011.5	278.6486852589641
5544887.5	33.24722886329059
5551057.0	122.67548613324833
5555913.0	154.99452471482888
5563807.0	125.20623032671226
5573121.5	117.50477909940527
5579465.0	122.65545704677469
5583984.5	127.55859916782246
5591479.0	101.4493005097061
5600696.5	101.79118732363794
5607439.5	120.96910112359551
5612263.0	115.50288372093023
5619646.5	154.83890545144803
5629169.0	121.13363721122967
5636023.0	0.7398273736128237
5640496.5	0.36917416189697466
5647446.0	119.33473964694127
5656531.0	117.28396813270763
5663819.0	108.31682985405506
5668488.5	110.72007131940907
5674915.0	43.17631903214966
5683836.5	117.29587258860475
5691647.5	108.02937667760214
5696281.0	139.3584537290121
5701955.5	112.433090578061
5710780.5	24.747235387045812
5719343.5	111.89278799612778
5723834.5	94.02785515320335
5728595.0	43.502442349199136
5737595.0	166.597912362727
5746582.0	188.69135239831377
5751460.5	120.26326530612245
5756045.5	94.35262515262515
5764443.5	17.754589821055077
5773127.5	145.41223464962337
5778967.0	99.30613644154954
5783525.0	116.08936925310535
5790927.0	121.04137129575828
5799751.0	75.82063474510672
5806586.5	28.144338807260155
5810852.0	17.557776069689982
5817169.5	118.62906550618415
5825811.5	92.14569691300281
5833731.5	119.42233809001098
5838015.0	108.6817826426896
5842901.5	72.02001412761949
5851380.0	55.294812714167556
5859984.0	119.40537449971413
5865103.5	80.12717536813922
5869319.0	110.39858728557013
5877062.5	120.51988304093567
5885777.5	153.74144144144145
5892271.5	104.03456669912366
5896728.5	121.9889721181856
5903305.0	125.08098718102312
5911735.5	60.343316889828515
5919396.5	122.23545828437133
5923563.0	118.14688524590164
5928583.0	84.39847328244275
5936992.0	165.84066000240875
5945498.5	107.13272101033296
5950564.5	90.85583684950774
5957743.0	99.61677618863548
5968536.0	142.22529187377182
5976306.0	137.97358107127303
5980517.0	117.52315720808872
5985404.0	101.10569105691057
5993655.5	108.46840958605665
6001905.0	70.5698676702683
6007124.5	107.18437783832879
6011253.0	111.89545829892651
6018451.0	96.23246613115933
6026717.5	116.5264892578125
6033757.0	123.00509597418039
6037838.0	118.08835164835165
6043261.0	65.03523509508808
6051804.0	131.94738696418085
6060085.0	60.308935006834844
6064642.0	96.50140581068416
6068688.5	114.9622829490464
6076386.5	142.65627240143368
6084662.0	107.71372692824838
6091201.5	104.76929358922008
6095340.5	154.48550295857987
6101075.5	27.499876390605685
6109125.0	2.816955924584842
6117172.0	144.8969696969697
6121670.0	62.42919868276619
6125689.0	107.06117581029886
6133268.0	104.21939982567551
6141286.0	142.6322298563398
6147944.5	23.115022590361445
6151911.5	15.505720823798628
6157269.5	118.97776130467012
6165199.5	95.38243626062322
6173041.5	124.29679211922202
6178038.0	35.09542168674699
6181919.5	21.985056258790436
6188625.5	113.81499223200414
6196333.0	109.2909894682096
6203864.5	105.28920238741183
6207743.5	78.30829015544042
6211841.0	104.17915226021258
6219756.0	114.93778830569754
6227585.0	122.0916590284143
6233714.5	123.8628299437473
6237527.0	109.0935730935731
6242815.0	98.30199392578899
6250476.0	116.92037682281585
6258421.5	103.24207811348563
6263496.5	103.32818725099601
6267275.5	110.65783783783783
6273826.0	43.59634485498609
6281475.0	109.0385955853879
6289162.0	139.38009702373148
6292997.5	38.09090909090909
6296824.5	158.87858081471748
6304766.0	111.64426447479754
6312626.5	102.05021482277121
6318900.5	86.39058823529412
6322617.5	53.8586118251928
6327478.0	76.99120075808854
6335160.5	121.1423915768363
6342929.5	57.9202380952381
6348317.5	73.57493781094527
6352031.5	112.64339981006648
6357831.0	109.89102477325031
6365211.0	45.382747863827475
6372558.0	109.0979374402404
6377309.5	131.62786434463794
6383654.5	114.23838979824896
6392565.0	122.02871598523178
6399949.0	121.90704225352113
6405276.0	95.70553297905596
6409026.5	110.6771269177127
6414777.5	103.22819444444444
6422058.0	23.068604809129194
6429294.0	23.418084657572773
6434100.0	119.60975609756098
6438108.0	31.031368993653672
6444465.5	124.58569444444444
6451850.5	100.53923381770146
6459185.5	67.2756338028169
6463280.5	818.0862385321101
6466879.0	117.57327656787294
6473476.0	118.90108649640186
6480663.5	92.26083973655324
6487868.5	103.88430216231396
6491865.0	7.419058553386912
6495388.5	10.177784974093264
6502007.5	120.7196261682243
6509086.0	106.82508809020437
6516176.5	145.80680214507478
6520247.5	103.04166666666667
6523719.0	116.96211992525905
6530220.5	116.5053400786959
6537216.5	102.12987201861547
6544559.5	113.98501920614596
6548857.5	125.13613231552164
6552408.5	114.8586130462318
6558994.5	17.430134189031506
6565968.5	129.20657078398196
6572944.0	102.53768770957866
6577049.5	104.61094674556213
6580590.0	107.27666259382092
6586965.5	105.14653944745086
6593905.0	93.96952019833746
6600750.5	100.16330114135206
6605184.0	35.30250860796852
6608785.0	135.63455213774424
6615049.5	108.00258152173913
6622120.0	110.61746055154107
6628902.5	126.83947523584905
6633485.0	121.86392272154556
6636875.5	117.22681818181819
6642454.0	159.96832914015096
6649168.0	40.06730625093689
6655962.0	91.22437472892872
6661285.5	119.91340482573726
6664624.5	121.11261872455903
6669426.5	0.09029447115384616
6676112.5	101.73540798094103
6682849.0	101.855705194613
6688926.5	34.944053353093736
6692223.0	16.06276150627615
6696296.0	118.50697741332182
6703232.5	126.4693730135799
6710003.0	113.18522435413205
6716602.5	108.76398176291794
6719996.5	9.538461538461538
6723270.5	24.886119873817034
6729736.0	73.14959793658018
6736397.0	110.82484029119001
6743101.0	107.059008536768
6747507.5	293.4002808988764
6750762.0	187.17562314200777
6756195.0	125.59140612967812
6762683.0	44.67376214715409
6769327.5	100.49544519541581
6774890.5	168.87314814814815
6778149.0	113.83158852981339
6782620.5	104.56744737622294
6789306.5	121.34047690914579
6795846.5	109.78927796715216
6802294.5	39.819466004346474
6805520.5	15.0
6808719.0	110.1892907468295
6815184.5	129.05409535452324
6821691.0	89.47086102952542
6828134.5	53.73449672795263
6832672.0	0.6657884832517877
6835860.5	1.602956989247312
6840908.5	18.229924717691343
6847385.0	47.83685570928995
6853852.5	116.79002831078955
6859753.5	131.08137398971346
6863267.0	143.71888818698673
6867225.0	31.038054634454443
6873615.0	121.21157127346052
6880032.5	117.34126487163431
6887088.5	117.5798808907302
6892587.0	128.7036358081271
6897391.5	172.8738952020202
6903794.5	115.99474497681608
6910167.5	31.81134480560867
6916365.5	443.4470588235294
6919527.0	67.77832512315271
6925507.5	120.87344786528321
6935464.0	292.874555487431
6942758.0	92.16430903155604
6946937.5	141.44444444444446
6950279.5	293.536780159731
6955802.0	138.52409734372515
6962213.5	122.93375152998776
6968573.0	28.579653889697557
6974020.0	121.48524729356825
6977135.0	113.62343647136274
6981076.5	75.14472030169705
6987406.0	117.53566322478157
6993656.5	32.532710280373834
6999849.5	111.49190938511327
7003895.0	28.79591836734694
7006967.5	50.83585262163439
7012198.5	123.74823378291586
7018396.0	114.89297875790498
7024635.5	87.5229721166033
7030558.5	72.2721358872425
7033620.5	28.69322033898305
7036975.0	58.91714332407256
7043191.5	163.99366487171366
7049416.5	111.29921773142112
7055545.5	123.58934988565828
7060203.5	124.82686286787727
7063253.5	114.77013076393668
7067755.0	125.25979990159095
7073851.0	118.05840853158327
7079964.5	110.22994129158512
7086173.0	101.37501988862371
7089795.5	24.794791666666665
7092804.0	59.90844374134863
7098391.5	59.826740764955865
7104559.5	112.11145062721133
7110687.5	126.58711493872143
7116228.5	107.3517049960349
7119241.0	99.48318042813456
7122884.0	108.03632038065028
7129042.0	106.1771751788388
7135081.0	114.42689962089995
7141147.5	118.47922848664689
7145703.0	117.96059113300493
7148641.0	125.3910279053338
7153055.0	131.54377188594296
7159017.0	115.03036949552893
7164934.5	102.54282329045363
7170814.0	64.29704324047171
7174720.0	40.343192248852624
7177631.5	81.51009839461419
7182492.5	31.322013651877132
7188418.5	108.74599465954606
7194325.5	53.7387495705943
7200225.5	76.87085981933757
7203695.0	33.07596253902185
7206594.0	154.7219350837296
7212015.5	117.07792207792208
7217911.5	210.75319737296923
7223711.5	171.97351221190232
7229496.5	105.68485059068797
7232512.5	18.543478260869566
7235347.5	51.632740081572116
7240929.0	104.35517420696827
7246625.5	33.97670697012802
7252277.0	106.20179609086107
7258121.0	127.97586952903977
7261147.5	0.0
7263969.5	54.62625
7269568.5	26.335476956055736
7275154.0	112.64453615646869
7280925.0	170.53543307086613
7286755.0	130.98277982779828
7289653.0	35.65714285714286
7292498.0	275.0526410026858
7298042.0	58.14028711611848
7303584.5	62.525976352561806
7309167.5	103.49480659025788
7315017.5	127.68051013734467
7319160.0	110.46426924850161
7323005.5	31.388446215139442
7328514.5	104.30531295487627
7334309.5	140.63423039054808
7340084.0	59.49477543538038
7344681.0	175.44022465899974
7347467.5	144.88167938931298
7351126.0	124.28269195695788
7356600.5	231.7314306622759
7362047.0	26.69449051041091
7367497.5	119.64651077822434
7372630.0	96.8052598622417
7375351.0	92.25960061443932
7378359.0	18.751351351351353
7383896.5	195.39316987740807
7389526.5	109.02378378378378
7395022.0	73.4034184892483
7400435.0	108.95450324976787
7403314.0	59.975871313672926
7405993.0	123.44152457372117
7411150.0	118.2925501970351
7416459.5	44.85519848771266
7421809.0	136.18635607321133
7427220.5	56.89342445511637
7430951.5	16.5751953125
7433585.5	14.783540372670808
7437923.5	114.154142228739
7443314.5	16.148516710476905
7448613.5	31.842754172989377
7453901.0	112.57099754855741
7458501.5	113.56054386865058
7461137.5	78.74890829694323
7464457.0	115.58480531813865
7469710.0	35.17000572409845
7474938.5	34.885544478527606
7480778.5	126.25634282178218
7486468.0	78.13713123092573
7489100.0	74.43553008595988
7491886.5	53.748085758039814
7497087.0	40.360826733629516
7502277.5	107.44427363566487
7507477.0	90.0121270452358
7512669.5	103.72774566473989
7516332.5	110.8375468164794
7518949.5	76.80955455132343
7523225.0	121.53603520997616
7528597.0	102.83689283689284
7533832.0	119.62734118555706
7539000.5	65.60895696006205
7543727.5	101.49906890130354
7546306.5	110.4060324825986
7549360.5	116.72264582539077
7554539.0	124.15143807474075
7559638.5	110.59492924528301
7564749.5	175.34242306194
7569874.0	21.530987292277615
7573391.0	36.8509640437728
7576232.0	322.0560722827531
7580656.5	121.84919386551317
7585738.0	116.3720701201497
7590849.5	128.35775359502526
7595941.0	49.119714115544966
7600642.5	130.18575355016034
7603246.5	78.09501187648456
7606177.0	56.08965929468022
7611224.0	97.83133004926108
7616251.0	34.48282787708375
7621248.0	23.24087736789631
7626395.0	403.97120666792955
7630167.5	26.684466019417474
7632655.5	17.973062730627305
7636554.5	84.63777515723271
7642243.5	248.07551669316376
7647922.0	54.99250049338859
7652943.5	113.01668006430869
7657603.5	30.232274401473298
7660083.5	110.34740259740259
7662898.5	115.95851615476666
7667907.5	110.5947242206235
7672879.0	106.03745697509618
7677927.5	74.8171772004653
7682998.0	262.66686734898656
7686870.0	102.18761318362913
7689353.5	114.68993653671804
7692913.5	94.94261294261294
7697817.5	53.47037188393952
7702705.0	11.633271870518337
7707570.5	24.33154639175258
7712419.0	28.406230658139055
7715784.0	116.70419543281997
7718208.5	139.70431557653404
7722111.0	11.565406075635462
7726954.0	106.10872704765835
7731812.0	76.66173752310536
7736636.0	15.267838459928855
7741444.5	106.0214964861513
7744532.0	113.63724756918474
7746997.5	123.53923205342237
7751334.0	104.43492813545974
7756385.5	33.439490445859875
7761298.0	50.60883149343886
7766097.5	75.57815756565236
7770883.5	26.109551738583995
7773473.0	10.283950617283951
7775833.0	17.449362688296638
7780370.5	27.54810924369748
7785221.5	111.83326588425739
7790034.0	36.48857569933803
7795469.0	105.16825602068855
7800356.5	29.39325529542921
7802695.0	21.300275482093664
7805617.0	121.07907465825447
7810404.0	106.6078024486408
7815187.5	118.65796124684077
7820021.0	69.01077454767228
7824800.5	127.51163793103449
7828873.0	40.95777460770328
7831166.5	34.89186691312384
7834011.5	116.85047743055556
7838614.0	115.41701109419186
7843247.5	51.28201284796574
7848908.5	292.36921226698735
7854519.0	107.29503173560954
7857952.0	118.65868524161951
7860223.5	71.70525378450579
7863758.0	114.24569769852789
7868433.5	123.41740282685512
7873082.0	117.0444537638918
7877723.0	98.43651672944826
7882317.5	65.65141146278872
7886115.5	110.8804794520548
7888377.5	112.0573566084788
7891441.0	124.16803006853858
7895938.0	16.30038022813688
7900456.5	96.83727551467368
7905041.5	93.26042571676803
7909597.5	107.93189884649512
7913951.0	81.45725172660157
7916199.0	60.572390572390574
7918580.0	14.979619260918254
7923052.5	160.07924107142858
7927604.5	112.8678633217993
7932143.0	38.24904558724455
7936592.0	86.0164229471316
7941073.0	103.2218286473323
7943928.5	36.654103852596315
7946131.5	36.49128268991283
7949928.0	48.95594613102031
7954400.5	106.90512708150744
7958871.0	29.92277815855609
7963262.5	85.14866091693146
7967694.5	22.834454912516822
7971462.0	118.60123496912577
7973651.0	110.63566487317448
7976710.0	210.1965953913224
7981437.0	163.57019624757388
7985936.0	117.54712221967439
7990281.5	15.04364896073903
7994672.0	63.857560098854194
7999056.5	54.2276516905975
8001345.5	78.88461538461539
8003615.0	100.39378359429773
8007917.0	116.69734104046243
8012261.5	159.78987167736022
8016576.5	110.51922175339897
8020840.5	112.95424683247302
8025089.0	120.03400236127509
8028578.5	111.9103498542274
8030761.5	176.56535141800248
8033657.0	85.30942672103622
8037928.5	126.08139003200732
8042173.0	105.19392466585663
8046383.5	145.4217371110079
8050591.0	108.54757848624969
8054741.5	42.576574427480914
8057631.5	21.98551637279597
8059682.5	14.198090692124104
8063158.5	111.02478593961244
8067425.0	41.101831501831505
8071572.0	137.39914265301263
8075896.5	109.28067415730337
8080165.5	106.68909001956948
8084239.0	63.83468834688347
8086584.5	32.24683544303797
8088618.5	79.5454016298021
8092391.0	107.58919445120468
8096546.5	111.88886244645407
8100685.5	97.3481354268891
8104761.0	108.29865030674847
8108797.0	86.62947210407806
8112952.5	152.36230876216968
8115242.5	50.5
8117266.0	90.02671250991801
8121195.0	153.3019376992887
8125213.5	44.25050505050505
8129157.0	53.778456837280366
8133127.5	106.34429496761335
8137120.0	46.579199194157646
8141069.0	51.14693149987268
8143441.5	93.24083129584352
8145559.5	95.85693387946168
8149257.5	86.77853192559076
8153271.5	163.99432098765433
8157254.5	54.27681307456589
8161170.5	86.78345250255363
8165081.0	28.585147247119078
8168982.5	23.186505900461775
8171628.5	107.58106169296987
8173587.5	126.62480190174327
8176782.0	113.58965071151358
8180654.0	121.02320185614849
8184540.0	40.196763421525816
8188411.0	123.16939464796052
8192346.0	47.68067644864462
8196322.0	76.98448232002035
8199544.0	55.799044966175884
8201467.5	61.1184407796102
8204072.5	25.830237358101137
8207920.0	11.956794972505891
8211754.0	118.37152507144712
8215596.5	104.20542231491136
8220295.5	155.98166127292342
8225072.5	101.625250501002
8228172.0	84.18124150430448
8230071.0	189.6681332495286
8232747.0	25.178941770805636
8236529.5	116.83990536277602
8240326.5	167.84591029023747
8244130.0	97.13230285564579
8248153.5	85.85366430260048
8252146.0	36.954194407456725
8255887.0	270.9702173329756
8257922.0	62.714285714285715
8259972.0	151.43146127229173
8263744.5	38.82972544878564
8267584.0	126.39450012850168
8271424.0	72.62549485352336
8275171.0	27.488798920377867
8278891.0	115.25809906291833
8282641.5	32.30642591609134
8285375.0	27.537918871252206
8287215.5	12.241919191919193
8290076.5	52.921432389096736
8293894.0	104.24659645517596
8297691.5	31.185845488924905
8301375.5	129.4255319148936
8305038.5	54.359836065573774
8308726.5	121.02987082884822
8312433.5	11.777988101676582
8314491.5	68.78708133971291
8316316.0	124.64159702878366
8319788.0	53.931053056827366
8323599.5	219.0452685421995
8327370.0	119.04378958964473
8330998.0	13.14096551724138
8335038.5	137.74753141831238
8339138.0	63.71707186748598
8342092.5	93.4898430286242
8343906.0	86.3223819301848
8346441.0	7.42587974508174
8350049.0	39.010535070695866
8353658.5	98.33222591362126
8357275.5	94.0383765875207
8360973.0	267.27749801219187
8364663.0	37.77848627668423
8368302.5	108.9076797385621
8370894.5	91.79431216931216
8372706.5	96.82007575757575
8375587.0	111.96738832556865
8379207.5	89.76920935412026
8382786.5	115.46382501402131
8386472.0	180.11931668856766
8390153.0	125.41073938712398
8393693.5	39.58938706015891
8397257.5	114.56798002219756
8399592.5	16.352720450281424
8401374.5	24.53002401921537
8404370.0	29.350415115946177
8407879.0	90.70780141843971
8411397.5	143.3260250569476
8414909.0	91.62090572486471
8418410.5	31.92497136311569
8423083.0	540.7652485904664
8427305.0	95.97182554998071
8429051.5	119.57649667405765
8431332.0	121.35774801858432
8434906.5	87.88538681948424
8438394.0	117.64878048780488
8441874.5	107.41657077100115
8445369.5	16.953614114968698
8448856.0	36.35154668979474
8452321.0	104.23653125900317
8455566.0	351.44915534945346
8457351.0	55.851179673321234
8459414.0	82.89090909090909
8462922.0	1.1165358907294392
8466367.0	76.36387358654683
8469792.5	24.00352733686067
8473200.5	32.512009373169306
8476646.0	13.504457865976416
8480179.5	134.9406685236769
8483676.5	58.97943595769683
8485464.5	11.895348837209303
8487179.5	170.59054634745243
8490506.5	62.62720848056537
8493902.0	101.97967599410899
8497296.5	68.38479670005893
8500712.5	86.65241419429901
8504116.0	38.786583555951324
8507829.0	954.703721962041
8511555.5	12.864840989399294
8513639.5	193.46502590673575
8515333.0	118.16175908221797
8518337.0	103.24403183023873
8521730.5	114.53594578668238
8525106.0	114.78343759308906
8528462.5	95.21662693682956
8531821.0	85.00238024397501
8535279.0	126.07651195499297
8538733.0	76.42141365940948
8541455.0	89.27594452415113
8543148.0	43.28803088803089
8545467.5	37.4671052631579
8548817.0	29.622354694485843
8552179.5	113.74955489614243
8555534.5	53.3185628742515
8558870.5	42.531212484994
8562224.5	71.35722748815166
8565584.0	30.91055937780437
8568912.0	8.650467853908843
8570772.0	96.26535626535626
8572436.0	60.08010955152345
8575559.5	43.68460613349369
8578893.5	174.94913225613405
8582221.5	71.55220277610138
8585558.5	158.75029761904761
8588882.0	0.0
8592187.0	95.84953355401746
8595497.0	90.84592053381863
8598298.0	22.39349240780911
8600004.5	7.65072202166065
8602204.5	154.15704738760633
8605489.0	49.295086969789445
8608781.0	106.98639250075597
8612073.0	98.10558437595361
8615347.5	47.915036674816626
8618616.5	25.766380894060013
8621875.5	16.93911439114391
8625170.0	421.46418939166915
8627382.0	74.49954001839926
8629006.0	118.88570106432208
8631718.5	106.09742647058823
8634966.5	11.965037128712872
8638222.0	87.48856358645929
8641503.0	90.51264087724643
8644749.5	28.953894080996886
8647981.5	81.95236631837739
8651202.0	105.84813304047694
8654408.5	119.243335399876
8656211.0	71.31926121372031
8657874.0	112.5259586019681
8660956.5	231.68116842759477
8664158.5	55.986817325800374
8667343.5	57.02795226130653
8670628.0	119.61861152141802
8673905.0	92.48721994319975
8677070.0	67.73204682062638
8680230.0	56.23868312757202
8683342.5	52.88258317025441
8684913.0	5.173333333333333
8686544.5	128.73337515683815
8689744.0	100.99252569293056
8693054.0	138.4804928131417
8696326.0	107.377990430622
8699457.0	44.61240805884234
8702595.0	98.48682121308352
8705720.5	19.2321083172147
8708822.0	14.196710738471461
8711861.5	104.39556749496306
8713424.0	52.63945578231292
8715063.0	122.51069945704248
8718221.5	319.6776522284997
8721380.0	72.94282976684765
8724489.0	53.601878846776806
8727716.5	330.1689429928741
8730941.5	89.05807916937054
8734039.0	101.54159974301317
8737134.0	20.76665583360416
8740214.0	26.211482322413232
8741790.5	8.242857142857142
8743325.0	35.61687229076359
8746357.5	20.72146118721461
8749449.5	124.94194996792815
8752544.0	140.53858677955063
8755626.5	117.17226890756302
8758706.5	141.95890410958904
8761768.0	33.810598626104024
8764818.0	21.402563259940848
8767877.0	54.605528455284556
8769857.5	69.56094808126412
8771379.0	63.29253592953176
8773978.5	23.80802103879027
8777028.5	11.839110529758011
8780107.0	165.0948693126815
8783175.0	72.1168916694106
8786219.0	114.55391674860701
8789257.0	47.083636363636366
8792418.5	73.25924802910855
8795575.0	65.8268656716418
8797929.0	131.59480212640284
8799464.5	39.91944847605225
8801652.0	38.65699032365699
8804656.0	103.18997010959814
8807660.0	29.259592926259593
8810649.0	8.628648104662865
8813638.5	101.8408939292862
8816636.0	61.62062062062062
8819624.0	28.967438737831486
8822612.5	127.14109406270848
8825599.5	85.0184811827957
8827169.0	1.0552147239263803
8828654.5	53.80769230769231
8831542.0	44.3768115942029
8834500.5	27.772542372881357
8837554.0	439.26512511878366
8840612.0	179.64177086853667
8843576.0	101.22903334456046
8846534.0	58.931795045809295
8849506.5	103.99266177451635
8852537.5	119.43798955613578
8854897.5	31.66304347826087
8856367.5	5.881619937694704
8858483.5	29.82123473541384
8861427.0	34.81660428717251
8864392.5	93.08088235294117
8867361.5	49.871690427698574
8870471.0	166.5823403605255
8873578.5	104.27192386131883
8876514.5	121.74539249146758
8879443.0	10.90946361462248
8882362.5	3.8104395604395602
8884009.5	9.526178010471204
8885471.5	14.278914240755311
8888205.5	28.77511961722488
8891140.0	147.53448861705743
8894073.0	121.12692439274717
8896990.5	111.1878434065934
8899899.5	50.429456297315895
8903538.5	79.16285452881976
8907189.5	174.2529010238908
8910160.0	185.32281634008635
8912170.5	110.92376237623762
8913621.5	75.84619450317125
8916020.5	94.15003441156229
8918927.5	23.866231086657496
8921829.0	77.71502590673575
8924723.0	14.789491876944348
8927613.5	35.63227146814405
8930491.5	55.46652719665272
8933377.5	193.53822314049586
8936277.0	128.48842832469776
8939169.0	85.83939079266182
8940882.0	79.67597765363128
8942313.0	109.42623655913978
8944906.5	116.81795946890287
8947798.5	134.38877481177275
8950684.5	113.57789473684211
8953531.0	19.546253957087583
8956427.0	81.1305527297389
8959390.5	397.1762928139691
8962311.0	153.96961229479567
8965161.0	91.61015156855834
8967993.0	109.03643438273788
8969516.0	42.3013698630137
8970946.0	107.90306702006815
8973687.0	75.79655051038367
8976531.0	133.4903407095188
8979361.5	66.62864250177682
8982175.0	32.218983291859224
8985080.5	134.02835223482322
8987984.0	32.81452474190103
8990804.5	81.15466101694915
8993637.0	82.51464878220968
8996485.0	96.08801955990221
8998008.5	27.581521739130434
8999414.0	22.717929196802437
9002127.5	36.92071428571428
9005147.5	789.9024691358024
9008164.0	34.74937343358396
9010960.5	87.36892857142857
9013782.5	94.72151898734177
9016596.5	22.194324712643677
9019382.5	25.759684361549496
9022171.5	121.47060931899641
9024960.0	21.588446358091137
9026464.5	10.067567567567568
9027855.5	16.748046875
9030547.5	103.82259206798867
9033393.0	360.04325078479246
9036233.0	71.15072875933167
9039028.0	127.49729924378826
9041810.5	59.45014347202296
9044584.0	31.54367524465386
9047348.0	94.13903936439148
9050123.5	36.729690869877786
9052893.5	32.57650471356055
9054661.5	111.68766066838046
9056045.5	122.3643216080402
9058418.0	142.1234119782214
9061169.0	11.894430287586458
9063917.0	82.91742451800654
9066671.0	108.34034070315332
9069422.0	32.93401385344513
9072189.5	42.25143266475645
9074953.5	14.963815789473685
9077687.0	61.63053826437203
9080968.0	287.18846254241714
9083204.5	116.98286604361371
9084581.0	336.08526764566557
9086997.5	9.196546656869948
9089734.0	21.297346419483823
9092470.5	70.26487876561352
9095190.5	34.70161883738043
9097983.0	155.1792814788978
9100813.5	143.05654974946313
9103567.5	40.34377302873987
9106281.0	24.76336159233321
9109005.0	85.3235831809872
9111186.5	2530.980958230958
9112576.5	1544.8359375
9114505.5	113.56319290465632
9117210.5	122.19082840236686
9119928.5	82.76756954612006
9122641.5	101.82034149962881
9125338.5	75.95666666666666
9128028.5	34.625373134328356
9130707.5	29.327856609410006
9133417.0	66.2105071141919
9136145.0	25.58268876611418
9138843.5	31.5365398956003
9140330.0	27.608247422680414
9141664.5	22.88856181665265
9144188.5	45.00674157303371
9146861.5	105.09155455904335
9149533.0	31.228346456692915
9152198.5	40.8246996996997
9154863.0	102.81801125703565
9157518.0	19.078260869565216
9160230.5	183.92122302158273
9162951.0	89.47162720781661
9165666.0	249.52582159624413
9168000.5	67.53052631578947
9169323.5	27.215817694369974
9171072.0	65.04689203925845
9173788.0	163.94927265945543
9176451.0	11.632514177693762
9179085.5	75.78772865853658
9181727.0	17.423091387739753
9184417.0	436.04851157662625
9187119.0	157.71785314945956
9189782.0	130.03026863412788
9192421.5	102.77921092564492
9195049.0	20.961053837342497
9196892.0	78.630740393627
9198217.5	84.51515151515152
9200319.0	62.01030927835052
9202953.0	120.11060777651944
9205589.0	70.93556995806328
9208208.0	27.889483747609944
9210835.0	86.75862068965517
9213460.5	132.12863705972435
9216074.5	159.96865443425077
9218686.5	43.793711656441715
9221297.5	19.259372609028308
9223908.5	7.441334355828221
9225556.5	31.191860465116278
9226860.0	30.02136529442418
9229125.5	303.65045941807045
9231733.5	7.243855606758832
9234343.5	264.28516819571865
9236955.0	106.62754123513618
9239561.5	73.10245587106677
9242158.0	23.46115191341322
9244754.0	31.70172744721689
9247359.0	79.75815738963531
9249954.0	108.74390715667312
9252527.5	17.17798594847775
9254092.0	31.970017636684304
9255382.5	60.68718967229394
9257680.0	116.2963967454475
9260292.5	143.01210287443268
9262895.0	9.117532213978915
9265450.5	41.15254901960785
9268012.5	111.5982905982906
9270567.5	36.02089905362776
9273135.0	179.67179684494036
9275746.5	72.3376524390244
9278333.0	110.7971753628874
9280897.0	90.9092671578131
9282518.5	90.48493975903614
9283814.5	119.6996887966805
9286046.0	67.33727810650888
9288603.0	77.6932919736332
9291156.5	88.84018987341773
9293685.5	122.23754940711463
9296230.0	615.7405236420477
9298773.0	441.44875346260386
9301292.5	7.07046178343949
9303812.0	242.53343886030868
9306332.5	39.69928400954654
9308846.0	103.46955829685635
9310714.0	70.00327064595258
9311974.5	75.18875192604006
9313902.0	112.82792334767305
9316427.5	22.434643143544506
9318923.5	143.742193755004
9321418.0	120.60778803693296
9323908.0	31.149457613499397
9326407.0	53.143483459545635
9328904.0	74.40442655935614
9331387.0	105.63442160419186
9333877.5	32.5984
9336366.0	37.760597496972146
9338702.5	108.91621129326047
9339946.0	50.2680412371134
9341332.0	85.21201128577187
9343810.0	2.7458585858585858
9346278.0	22.06989028850061
9348748.5	43.483870967741936
9351255.0	118.03158310303988
9353744.0	18.8879345603272
9356199.5	130.9059205190592
9358671.0	93.18651594670973
9361134.0	19.450387913434056
9363570.5	79.93564356435644
9366443.5	690.7043949428055
9368190.0	55.111111111111114
9369405.0	122.59451084550686
9371762.0	18.35315682281059
9374207.0	12.033264887063655
9376632.0	122.47370600414078
9379042.5	5.239817123857024
9381481.5	9.622168284789645
9383966.0	139.81177412895474
9386507.5	161.10402165506574
9389023.0	42.42740286298569
9391437.5	13.76006711409396
9393831.5	31.990848585690514
9395892.0	273.6674432149097
9397094.5	79.44186046511628
9398637.0	122.48185231539425
9401021.5	20.940134907251263
9403406.5	105.16805671392828
9405795.5	84.3109243697479
9408175.0	75.71374527112232
9410549.5	40.09789029535865
9412912.0	16.309129511677284
9415292.0	73.22577962577962
9417671.0	114.9048023799405
9420125.0	257.2281800391389
9422603.0	819.817159516868
9424514.5	139.22714486638537
9425690.5	126.05376344086021
9427329.0	27.31998295696634
9429734.5	106.67654220779221
9432149.0	14.907822410147991
9434500.0	53.78048780487805
9436844.0	351.11782220331776
9439225.0	102.91663210286188
9441601.5	332.24252775405637
9443936.5	102.35781786941581
9446273.5	374.3640238704177
9448607.0	0.0
9450934.5	114.43744644387318
9452901.0	104.25390869293308
9454311.0	136.57002457002457
9456082.5	13.878122308354866
9458399.5	117.40960207612457
9460711.5	83.6189446366782
9463036.0	58.85579803166453
9465372.0	119.92291220556746
9467695.0	48.66940718303765
9470001.5	80.4609035621199
9472300.5	98.44686411149826
9474654.5	113.33499170812604
9477008.5	109.96777003484321
9479302.5	32.253926701570684
9481312.0	43.87550665894615
9482457.5	32.16489361702128
9483882.5	25.36832895888014
9486173.0	11.029193899782134
9488466.5	21.284031413612567
9490770.5	109.63126079447323
9493068.0	108.38920579201404
9495367.0	574.4963346269944
9497667.5	110.57712532865906
9499952.5	57.88854895104895
9502236.0	165.69942957437473
9504514.5	89.20456540825285
9506788.5	21.99911894273128
9509060.5	59.408091468777485
9510424.0	10.388520971302428
9511560.0	39.383727322704786
9513600.0	23.246351172047767
9516072.5	510.3383010432191
9518548.0	13.933833259814733
9520817.0	64.83135182738881
9523161.5	497.5049627791563
9525502.0	20.456915598762706
9527768.0	112.3525782282944
9530032.5	34.01106194690266
9532290.5	25.7052304964539
9534594.5	1332.7385204081634
9536897.5	24.457409050576754
9538575.0	15.911898274296094
9539698.0	20.655021834061134
9541399.5	107.08237378210806
9543662.5	138.00705467372134
9545918.0	111.53811859117253
9548162.5	119.29563668744434
9550412.0	115.51841988459832
9552653.5	61.699551569506724
9554891.0	35.462360801781735
9557132.0	8.386231560125168
9559384.0	133.28363475959418
9561632.0	12.444593988335576
9563860.5	51.88644524236984
9566097.0	36.54120267260579
9567410.0	17.64041994750656
9568517.0	26.480087288597925
9570544.5	69.33393339333934
9572771.0	30.129538323621695
9574991.5	107.24977375565611
9577216.5	112.69598214285715
9579441.5	48.357918552036196
9581655.0	110.38069463238611
9583868.0	107.9556360344047
9586081.0	114.48579161028417
9588290.5	8.5858310626703
9590513.0	58.85287561301828
9592729.0	31.728186386477844
9594914.5	3.104032997250229
9596040.5	23.014285714285716
9597133.0	86.2614657210402
9599285.0	104.00365463682047
9601544.0	170.17346500644052
9603815.5	220.3654019873532
9606011.0	47.36610013780432
9608192.0	30.17116704805492
9610381.0	97.68308253533972
9612564.5	30.19273229070837
9614739.5	56.588694852941174
9616945.5	87.39445438282648
9619144.5	2.2937095282146163
9621363.0	49.026373626373626
9623525.5	61.22536585365854
9624609.0	8.58974358974359
9625751.0	16.223811721273652
9627930.0	74.8553172067549
9630140.5	123.50224215246637
9632335.0	16.40852246410375
9634505.5	108.18790100824931
9636780.5	189.06334459459458
9639039.5	9.03860465116279
9641207.0	120.49519450800915
9643373.5	37.47811918063315
9645530.5	18.86241920590951
9647687.0	32.54075454122031
9649849.0	43.8465778594396
9651981.5	68.78879310344827
9653058.5	11.030303030303031
9654160.0	25.77585400093589
9656297.0	4.344875994384651
9658468.0	88.33469387755102
9660644.5	112.47905027932961
9662790.0	37.442837144190385
9664927.5	22.328799249530956
9667057.5	77.0968045112782
9669185.0	24.030089327691584
9671306.0	18.769267139479904
9673744.0	500.2962694675842
9676186.0	15.1172868582195
9678313.0	35.04551853589864
9680439.5	156.70829406220545
9681512.0	45.82608695652174
9682614.5	213.55866177818515
9684765.0	103.66776781500708
9686875.0	18.66254164683484
9688987.5	20.895951035781543
9691129.0	93.3186660490968
9693265.5	104.0127719962157
9695383.0	309.98114097124
9697506.5	209.44825964252118
9699648.5	125.9481000926784
9701775.0	58.50310262529833
9703868.0	52.21281683405069
9705964.0	17.968110423607804
9708060.0	26.80105212816834
9709540.5	129.26666666666668
9710581.5	175.25247524752476
9712227.0	33.76094276094276
9714317.0	272.726796763446
9716412.5	9.251674641148325
9718528.0	67.56609061186361
9720634.5	73.02364864864865
9722706.0	77.56349589570256
9724777.0	124.70883631096089
9727350.0	317.7593495934959
9729921.5	95.54738878143134
9731988.0	46.83438256658596
9734052.0	28.278720310227822
9736144.0	68.6991984912777
9737827.5	20.390850722311395
9738858.5	64.95833333333333
9740304.5	133.48314065510598
9742371.0	97.55663587749149
9744431.5	62.64050387596899
9746498.5	116.5623188405797
9748562.0	26.16626154594069
9750617.0	90.01461276181199
9752667.5	60.39453125
9754715.0	4.7987298485588665
9756795.0	77.86701372456223
9758903.0	104.56680932001902
9760974.5	71.45245098039216
9763022.5	89.57198443579766
9765072.0	101.26138032305433
9766509.5	13.763221153846153
9767528.5	15.359038142620232
9769146.0	17.570231641202565
9771181.5	76.9515181194907
9773216.5	14.816074950690336
9775254.5	25.076171875
9777294.5	7.321850393700787
9779323.5	12.34452122408687
9781348.0	35.11072664359862
9783377.5	69.34381139489194
9785405.0	8.100049529470034
9787444.5	94.28932038834951
9789475.0	44.97651174412793
9791483.0	95.87791563275434
9793500.5	40.774752475247524
9794955.5	59.72808988764045
9795958.5	71.30645161290323
9797525.0	91.18790282597918
9799543.0	54.89895988112927
9801558.5	31.78479125248509
9803590.5	105.8167641325536
9805615.0	28.497245868803205
9807613.0	35.82291145572786
9809611.5	29.616616616616618
9811611.5	24.354145854145855
9813611.0	32.135703555333
9815606.5	23.45085255767302
9817600.5	111.43931795386159
9819590.0	57.60705289672544
9821574.0	30.854765506807865
9823220.5	31.0412213740458
9824219.0	21.79184861717613
9825570.5	177.171626984127
9827570.5	35.05241935483871
9829559.5	50.237713139418254
9831551.0	59.63599798893917
9833532.5	27.347011144883485
9835506.5	25.1403242147923
9837477.5	9.698170731707316
9840013.0	164.1675797615211
9842575.0	236.78228599703118
9844565.5	0.7693877551020408
9846533.0	99.96810126582278
9848500.5	21.602551020408164
9850473.0	87.43123425692696
9851908.0	160.27570621468928
9852887.0	5.676607642124884
9854583.5	530.2948275862069
9856727.5	100.57723577235772
9858702.5	84.97325933400606
9860670.5	16.752302968270214
9862625.5	37.030163599182
9864582.0	54.794583546244255
9866537.5	14.652507676560901
9868548.5	438.69197292069634
9870561.5	24.993360572012257
9872520.5	76.90204081632653
9874475.5	3.974871794871795
9876423.0	22.261182519280204
9878366.0	37.29778464708913
9880081.0	27.47750167897918
9881049.0	12.67337807606264
9882245.5	11.898766700924975
9884195.0	128.11879160266258
9886146.0	103.11390456644433
9888092.0	17.471950591868247
9890030.0	21.7128815312985
9891961.5	110.48497409326424
9893906.5	55.87755102040816
9895851.0	21.434421980300673
9897782.0	170.812209001552
9899714.0	8.359399274987053
9901643.0	211.65801764400624
9903596.5	116.37525252525252
9905551.0	149.3177812337999
9907478.0	130.7516883116883
9908870.5	0.0
9909830.0	0.5930122757318225
9911321.0	15.392615704628184
9913247.5	99.27305699481866
9915213.5	581.9545454545455
9917172.5	84.92118997912317
9919086.5	27.813807531380753
9921007.5	85.85854922279793
9922936.0	12.210171250648676
9924850.0	12.063650710152551
9926760.5	384.71666666666664
9928673.5	97.40766002098636
9930579.0	86.8278215223097
9932494.5	48.676531671858775
9934404.0	52.15055467511886
9936300.0	98.5260663507109
9937512.5	41.37642585551331
9938461.0	49.15317286652079
9940091.5	30.394708994708996
9941992.5	124.05230125523012
9943911.0	739.4638961038961
9945818.0	68.74748544203283
9947706.5	29.290783898305083
9949601.0	162.35034192530247
9951493.0	67.79447689856612
9953379.0	23.22763366860773
9955269.5	132.92917547568712
9957159.5	92.81620762711864
9959065.5	106.85031185031185
9960973.5	216.40644820295984
9962860.5	39.57863974495218
9964741.0	20.516232038318254
9965965.5	76.89298245614034
9966907.5	192.5205479452055
9968505.0	8.47953216374269
9970386.5	155.48034006376196
9972267.0	71.68068121341139
9974143.0	6.02776294714362
9976020.0	12.778841041998938
9977897.5	50.45464247598719
9979770.5	18.880876068376068
9981643.0	131.09717031500267
9983513.0	26.78468130690948
9985379.0	22.148525469168902
9987249.5	10.865138592750533
9989109.5	29.947396963123644
9990993.0	212.69526781071244
9992881.5	8.331715210355988
9994267.0	85.85932388222464
9995197.5	91.6822033898305
9996592.0	132.94254742547426
9998436.0	34.29462832338579
1.00002795E7	100.23373101952278
1.00021235E7	91.28253796095444
1.00039655E7	48.99239130434783
1.0005818E7	180.77479892761394
1.0007669E7	25.120304844855742
1.00095265E7	280.0585729499468
1.0011385E7	72.15388798259924
1.0013223E7	178.89167120304845
1.00150575E7	52.02019650655022
1.00176825E7	231.41281451141018
1.0020307E7	60.338612779901695
1.0022134E7	16.18102029621503
1.0023123E7	70.66451612903226
1.00240365E7	366.7906698564593
1.0025785E7	180.29643835616437
1.00276085E7	27.357848518111965
1.00294315E7	12.449013157894736
1.0031254E7	18.342668863261945
1.00331035E7	181.2577209797657
1.0034952E7	42.27487630566245
1.00368265E7	283.82072538860103
1.0038709E7	197.33188010899184
1.0040536E7	13.39472237493128
1.00423675E7	166.1117136659436
1.0044197E7	36.78292011019284
1.0046009E7	6.756218905472637
1.00478195E7	38.33002207505519
1.00496335E7	21.17180616740088
1.00511085E7	10.895061728395062
1.00520125E7	11.170623145400594
1.00532615E7	52.16447368421053
1.00550815E7	66.1580396475771
1.0056895E7	52.19436775262286
1.0058702E7	34.82695507487521
1.00605385E7	324.80213903743316
1.00623725E7	51.91713014460512
1.0064177E7	178.11651021535064
1.00659875E7	14.7353591160221
1.0067792E7	92.9255141745414
1.00696335E7	172.06104033970277
1.00714715E7	104.81640625
1.00732655E7	28.02839643652561
1.0075067E7	36.84394023242944
1.0076868E7	12.934261838440111
1.0078662E7	93.05911879531511
1.00798545E7	5.466216216216216
1.0080748E7	7.694560669456067
1.0082254E7	160.82828838745183
1.00840595E7	174.35451505016724
1.00858495E7	26.6511758118701
1.00876365E7	121.73434004474272
1.00894225E7	40.21468609865471
1.0091205E7	23.365524985962942
1.0092994E7	15.307735114079021
1.0094788E7	159.06644332774985
1.009657E7	14.169204737732656
1.009835E7	22.644096250699498
1.01001535E7	149.14285714285714
1.01019515E7	46.160472972972975
1.01037235E7	16.72398190045249
1.0105492E7	36.074053137365745
1.01072645E7	81.83840090090091
1.0108389E7	93.07188160676533
1.01092765E7	12.366359447004609
1.0110818E7	265.37226277372264
1.01125955E7	99.33427282976325
1.01143655E7	35.712344280860705
1.01161335E7	85.78757062146893
1.011794E7	403.52034725990234
1.01197415E7	28.35625
1.0121513E7	58.421200224341
1.01232845E7	35.0125
1.0125046E7	87.66761202495746
1.0126807E7	46.74019329164298
1.0128568E7	128.35507657402155
1.0130326E7	15.822589845978323
1.0132083E7	242.17830777967063
1.013384E7	11.310895607529948
1.01355985E7	33.14569160997733
1.01367905E7	30.598387096774193
1.01376665E7	13.18816254416961
1.01391065E7	34.18649885583524
1.01408605E7	101.51875
1.0142618E7	246.2888888888889
1.0144369E7	47.12707498568975
1.01461235E7	13.985811577752553
1.0147884E7	98.93519044911882
1.01496375E7	134.6659038901602
1.01513815E7	98.40402298850574
1.0153121E7	30.850488786659
1.0154858E7	70.94812680115274
1.0156591E7	16.022530329289427
1.0158326E7	119.99712478435883
1.01600725E7	51.15849486887115
1.01618135E7	70.46354166666667
1.01635435E7	114.34930715935334
1.01649925E7	88.33790737564323
1.01658715E7	101.11993243243244
1.01670285E7	51.87340301974449
1.0168752E7	102.60753623188405
1.01704745E7	26.28546511627907
1.0172201E7	601.1171379111368
1.01739255E7	28.962703962703962
1.01756445E7	46.22067363530778
1.0177364E7	121.79790331974374
1.01790805E7	21.266899766899765
1.01808105E7	225.81479357798165
1.018254E7	7.2326530612244895
1.0184255E7	41.989504373177844
1.01859705E7	97.9423076923077
1.0187693E7	371.8224407171776
1.01894235E7	410.40300230946883
1.01911595E7	635.6770114942528
1.0192886E7	0.5265615878575598
1.01938965E7	8.905844155844155
1.0194753E7	15.711743772241993
1.01963135E7	19.725524475524477
1.0198026E7	12.681100058513751
1.01997765E7	70.32589285714286
1.02015295E7	116.74095682613769
1.02032365E7	6.2964705882352945
1.02049435E7	94.40140023337223
1.02066555E7	102.11929824561403
1.0208359E7	26.160282852091928
1.0210065E7	73.31836734693877
1.0211772E7	70.09005297233666
1.02134735E7	111.60269953051643
1.0215176E7	80.1575543797766
1.0216872E7	37.61916026020106
1.02185765E7	84.78521536670547
1.02202895E7	39.441451990632316
1.02218345E7	64.62518089725036
1.0222678E7	59.4688524590164
1.0223673E7	185.91988130563797
1.0225361E7	10.190419869899468
1.02270595E7	57.48182883939039
1.02287575E7	213.3698224852071
1.0230445E7	18.286646884272997
1.0232132E7	98.47602131438721
1.02338175E7	143.87633769322235
1.02354985E7	9.706547619047619
1.02371755E7	106.24014336917563
1.0238847E7	13.316956261234273
1.02405195E7	76.20405727923628
1.0242194E7	42.074118350268975
1.02438685E7	11.590095465393794
1.02455395E7	9.635054021608644
1.024721E7	81.39582089552239
1.0248882E7	45.745356500898744
1.02503585E7	91.23130841121495
1.02511925E7	58.71875
1.0252221E7	29.360430364614466
1.0253889E7	11.317498496692725
1.0255556E7	66.81208856971872
1.0257239E7	122.67492625368732
1.0258918E7	34.17739025856885
1.026058E7	5.273329319686936
1.02622435E7	162.59303721488595
1.02639075E7	17.19915764139591
1.02655685E7	25.701807228915662
1.02672335E7	98.7994011976048
1.02689E7	1.7594708358388456
1.0270558E7	71.30671506352087
1.0272211E7	59.30973986690865
1.0273864E7	72.41681790683606
1.0275517E7	75.6896551724138
1.02771665E7	5.841433778857837
1.02787325E7	182.38223418573352
1.0279563E7	49.09142857142857
1.0280474E7	26.924711596842744
1.0282121E7	58.659987856709165
1.0283767E7	28.37325227963526
1.0285418E7	80.68919734459867
1.02870695E7	89.53402187120291
1.02887135E7	56.98660170523752
1.0290357E7	112.52826747720364
1.0292014E7	85.03774715398443
1.02936685E7	7.166463414634146
1.02953165E7	87.2506038647343
1.02969645E7	7.213414634146342
1.0298604E7	24.169005491153143
1.0300241E7	32.2605504587156
1.03018755E7	19.886168910648713
1.0303521E7	434.5365117682559
1.0305164E7	0.9195825659914058
1.0306795E7	105.14696876913656
1.0307781E7	161.4867256637168
1.03086035E7	121.04670750382849
1.0310072E7	75.26057633353771
1.0311702E7	35.744014732965006
1.0313329E7	47.93784615384615
1.03149525E7	17.640567200986435
1.03165755E7	13.354064039408867
1.03181985E7	49.12515413070284
1.03198275E7	76.27872860635696
1.0321456E7	24.028994447871685
1.03230825E7	59.76899509803921
1.0324707E7	19.554112554112553
1.0326323E7	50.71640866873065
1.03279395E7	102.70024721878863
1.03295555E7	23.870508054522926
1.033118E7	69.4788990825688
1.03328055E7	54.57982673267327
1.03344195E7	37.898883374689824
1.03358255E7	102.71416666666667
1.0336631E7	51.99756690997567
1.033764E7	36.751088985687616
1.0339248E7	7.261031696706029
1.03408845E7	1076.4278846153845
1.03425225E7	20.853598014888338
1.03441315E7	55.49626400996264
1.03457365E7	2.6159600997506236
1.034734E7	26.566437928883342
1.0348944E7	162.82305295950155
1.0350554E7	131.98947368421054
1.0352174E7	40.30153846153846
1.0353788E7	23.274485339987525
1.03553905E7	100.36079900124844
1.03570735E7	647.8990929705216
1.03587565E7	122.08739076154806
1.03603565E7	19.54881101376721
1.0361954E7	17.373199749530368
1.0363553E7	91.99063085571518
1.0364627E7	26.40036563071298
1.0365427E7	34.10066476733143
1.03667505E7	25.355081555834378
1.03683445E7	47.867001254705144
1.0369938E7	31.947269303201505
1.0371529E7	69.94336060415355
1.03731165E7	46.930012610340476
1.037471E7	107.10930668332293
1.03763145E7	77.84701492537313
1.03779115E7	67.04161412358134
1.03794985E7	60.636649874055415
1.038111E7	131.8691131498471
1.0382727E7	85.59974984365228
1.0384318E7	20.704358812381553
1.03859005E7	90.38242730720607
1.03874815E7	45.75126582278481
1.03890615E7	0.9487341772151898
1.03906685E7	305.01652386780904
1.03922765E7	219.05562579013906
1.03932215E7	17.285714285714285
1.03940125E7	119.87833594976452
1.03954395E7	41.84367088607595
1.0397019E7	229.2026599113363
1.03985945E7	24.463740458015266
1.040017E7	46.431918936035466
1.0401748E7	14.023462270133164
1.04033255E7	23.346007604562736
1.04049005E7	13.038804071246819
1.04064905E7	57.639925373134325
1.04080805E7	38.849872773536894
1.04096535E7	230.54574332909783
1.04112305E7	111.5620253164557
1.04128155E7	156.73962264150944
1.04143955E7	48.56624203821656
1.0415965E7	38.751434034416825
1.0417534E7	22.68323773103888
1.04191005E7	18.553708439897697
1.04206675E7	43.32420382165605
1.04216515E7	43.19346733668342
1.04224345E7	79.57962328767124
1.04238E7	34.61996161228407
1.04253625E7	8.115236875800257
1.0427338E7	362.75429049811635
1.04293175E7	803.3732484076434
1.04308835E7	49.030089628681175
1.0432444E7	5.177677998717126
1.0434016E7	120.9236593059937
1.0435588E7	2.927517639512508
1.0437149E7	231.05694177863083
1.0438709E7	33.74887604367373
1.0440266E7	42.987797045600516
1.04418225E7	27.166452442159382
1.0443378E7	20.239871382636657
1.0444934E7	151.71226718047527
1.04464975E7	480.98471337579616
1.0448059E7	119.88667095943336
1.04495805E7	84.68657718120805
1.0450359E7	0.0
1.0451168E7	58.21212121212121
1.04527415E7	139.06328320802004
1.0454316E7	109.85254346426272
1.04558675E7	63.789032258064516
1.04574175E7	5.24
1.0458993E7	232.32792004996878
1.0460567E7	13.92049127343245
1.0462115E7	13.699806326662364
1.0463661E7	38.47440051847051
1.0465204E7	84.72585871678548
1.04667465E7	56.62516212710765
1.0468292E7	12.049709489993544
1.04698355E7	1.9486345903771132
1.0471374E7	49.51397011046134
1.04729145E7	86.3378728923476
1.04744575E7	151.85880829015545
1.04759995E7	81.29545454545455
1.04775375E7	13.8359375
1.0478553E7	4.955555555555556
1.04793215E7	14.036468330134356
1.04806285E7	117.31806615776081
1.04821935E7	170.37419768934532
1.0483741E7	68.71828236824983
1.04852935E7	1766.8960459183672
1.04868435E7	35.77284595300261
1.04883765E7	34.446544980443285
1.04899125E7	177.56241872561768
1.04914475E7	1.0006527415143602
1.0492975E7	51.61917268548917
1.04945105E7	114.82687338501292
1.04960525E7	11.438802083333334
1.0497582E7	38.83322390019698
1.0499102E7	19.649967040210942
1.05006225E7	83.38451443569554
1.05021495E7	81.39346405228758
1.05036765E7	122.43766404199475
1.05051995E7	134.0479632063075
1.0506618E7	36.12319391634981
1.0507376E7	9.238805970149254
1.05093175E7	98.18739815317763
1.05119165E7	36.641820580474935
1.05134325E7	41.68337730870712
1.0514953E7	267.4111475409836
1.0516476E7	101.66009204470743
1.0517994E7	43.988118811881186
1.0519507E7	61.41164791528789
1.05210165E7	23.31763925729443
1.0522524E7	18.51891174518912
1.0524041E7	94.03601833660773
1.05255575E7	41.43293492695883
1.0527066E7	50.31700860357379
1.0528574E7	27.851827242524916
1.0530082E7	40.58504301786896
1.0531619E7	373.2386436340371
1.05331605E7	125.07565789473684
1.0534672E7	7.922155688622754
1.0535587E7	21.097859327217126
1.05363385E7	23.191326530612244
1.05376785E7	57.589760638297875
1.05391795E7	45.359145527369826
1.0540677E7	25.10554442217769
1.05421795E7	92.66114058355437
1.0543681E7	99.12642140468228
1.054518E7	289.21024617431806
1.05466765E7	25.530872483221476
1.0548171E7	18.62508338892595
1.0549665E7	14.61316319677636
1.05511535E7	13.5
1.0552641E7	0.1956960322797579
1.05541275E7	16.447510094212653
1.0555617E7	117.8432685867381
1.05571155E7	55.37765957446808
1.055861E7	18.515151515151516
1.05600945E7	51.52291105121294
1.0561577E7	21.66644159351789
1.0563073E7	131.76042356055592
1.0564027E7	18.425692695214106
1.056481E7	90.70145423438836
1.05661415E7	203.93172690763052
1.0567627E7	0.7995937711577522
1.05691055E7	4.189864864864865
1.05705895E7	144.61424731182797
1.05720715E7	1.9600271002710028
1.05735485E7	16.8531799729364
1.057503E7	301.53333333333336
1.0576514E7	136.45650708024274
1.0577991E7	11.352141400407886
1.05794625E7	33.672554347826086
1.05809325E7	34.87193460490463
1.05824085E7	69.26347708894879
1.05838865E7	49.26358695652174
1.0585357E7	94.75765827093261
1.0586824E7	45.092150170648466
1.05882915E7	0.39591836734693875
1.05897605E7	79.92029972752043
1.0591229E7	69.48059904697072
1.0592332E7	79.37042062415196
1.05930615E7	114.94598337950139
1.05941725E7	102.68066666666667
1.059565E7	82.43436426116838
1.059711E7	233.47098976109214
1.0598574E7	51.82228298017772
1.060003E7	31.46031746031746
1.06014815E7	114.06877579092159
1.0602968E7	97.70572745227123
1.06044715E7	56.66935483870968
1.06059395E7	26.464088397790054
1.060744E7	1084.0315518351579
1.06089395E7	98.39626556016597
1.06103965E7	147.324931880109
1.06118535E7	32.954356846473026
1.06133045E7	198.43956043956044
1.0614754E7	23.449064449064448
1.0616201E7	678.1281874569263
1.0617662E7	39.754588715159755
1.06191205E7	53.42600276625173
1.06205095E7	222.51876876876878
1.0621247E7	109.53146853146853
1.06220425E7	11.524861878453038
1.06234875E7	37.150485436893206
1.06249355E7	29.684319119669876
1.0626384E7	111.26195426195426
1.0627826E7	23.367800138792504
1.06292705E7	32.93508287292818
1.0630715E7	7.264399722414989
1.06321535E7	45.82311977715877
1.06335925E7	252.09153952843272
1.0635031E7	66.15470383275262
1.0636466E7	28.80348432055749
1.06379005E7	13.755230125523013
1.06393345E7	8.134588563458856
1.0640768E7	11.674808094905792
1.06422065E7	101.28531855955679
1.06436505E7	29.162049861495845
1.0645088E7	86.55206149545772
1.06465195E7	46.62988826815643
1.064795E7	118.28411476557032
1.06491575E7	161.815415821501
1.06498735E7	130.2780269058296
1.06508095E7	66.44039270687237
1.0652234E7	27.440618411806042
1.0653658E7	25.265263157894736
1.06550825E7	87.97050561797752
1.06565165E7	134.2049861495845
1.0657948E7	29.227625088090203
1.0659367E7	30.98942917547569
1.0660786E7	261.25792811839324
1.0662209E7	415.9039943938332
1.0663644E7	325.7477477477477
1.06650745E7	59.16784203102962
1.0666492E7	128.5730416372618
1.066793E7	91.7162440027416
1.0669369E7	15.300211416490486
1.06707915E7	142.92005610098175
1.0672212E7	7.055123674911661
1.06736285E7	61.29901269393512
1.06750405E7	24.518492176386914
1.06764465E7	16.431009957325745
1.06776375E7	114.375
1.06783435E7	141.46559633027522
1.06792815E7	179.81458333333333
1.0680704E7	8.42491103202847
1.0682109E7	27.306049822064058
1.0683521E7	37.201550387596896
1.06849305E7	39.628571428571426
1.0686335E7	55.39886444286728
1.06877475E7	622.1638418079096
1.0689155E7	20.69049320943531
1.06905735E7	137.55563282336578
1.06919925E7	118.25642857142857
1.06933905E7	0.0
1.0694788E7	16.929235167977126
1.06961895E7	244.50356125356126
1.06975975E7	140.46317280453258
1.06990405E7	528.3412483039349
1.07004885E7	95.52039381153305
1.0701899E7	204.79556826304503
1.0703294E7	118.09705248023005
1.07046835E7	25.423631123919307
1.0705989E7	45.949304987735076
1.07066865E7	43.93023255813954
1.07074665E7	8.231268011527378
1.0708858E7	17.916129032258066
1.0710249E7	5.373467916366258
1.07116375E7	90.99712230215827
1.07132055E7	782.8012600229096
1.0714772E7	166.66690699351116
1.07161585E7	40.0959595959596
1.0717542E7	8.51846488052136
1.0718923E7	29.860970311368572
1.0720305E7	84.79031091829357
1.07216925E7	92.69468390804597
1.07230785E7	60.26231884057971
1.07244575E7	4.730769230769231
1.0725834E7	3.581818181818182
1.07272125E7	132.1150506512301
1.072859E7	67.46103423160962
1.0729967E7	85.42433019551049
1.073167E7	136.38024691358024
1.0733368E7	32.02625820568928
1.07345645E7	9.629158512720156
1.0735252E7	55.9971671388102
1.0736113E7	63.00073046018992
1.07374815E7	47.098684210526315
1.0738852E7	202.435542607429
1.07402285E7	69.1804347826087
1.07416025E7	238.234649122807
1.07429855E7	115.93562231759657
1.07443665E7	6.131964809384164
1.0745732E7	32.87198244330651
1.07471055E7	37.69130434782609
1.0748478E7	29.84835164835165
1.07498445E7	491.02704678362574
1.0751205E7	36.87583148558758
1.07525645E7	91.49121522693997
1.07539295E7	136.2873900293255
1.07553225E7	334.0450070323488
1.07567175E7	178.5906432748538
1.07580775E7	34.205621301775146
1.07594295E7	41.69822485207101
1.07607785E7	7.955423476968797
1.076213E7	121.73691967575535
1.07631795E7	31.712938005390836
1.0763851E7	34.81198003327787
1.07648235E7	64.39434523809524
1.076618E7	546.2205989773557
1.0767539E7	87.1067457375834
1.0768884E7	3.365398956002983
1.0770224E7	17.83793876026886
1.0771563E7	16.278566094100075
1.07729015E7	20.779521674140508
1.0774246E7	52.63952627683198
1.07755895E7	27.775449101796408
1.0776925E7	14.27940074906367
1.07782595E7	6.829835082458771
1.077961E7	100.12070226773957
1.07809635E7	37.06567164179104
1.07822995E7	695.8633633633634
1.07836335E7	69.34955089820359
1.07849685E7	81.33883058470765
1.0786301E7	9.782118707738542
1.0787632E7	21.217129977460555
1.07889615E7	4.055722891566265
1.07902905E7	86.50827067669172
1.07914905E7	121.34485981308411
1.0792157E7	71.97338403041825
1.0792957E7	652.5347793567689
1.07942905E7	112.56541353383459
1.0795618E7	86.54716981132076
1.0796943E7	79.53584905660378
1.0798267E7	31.800453514739228
1.07995875E7	1.1411229135053111
1.08009065E7	32.25909090909091
1.08022255E7	43.504552352048556
1.08035435E7	74.103186646434
1.08048715E7	158.25336322869956
1.08062615E7	276.44452149791954
1.08076395E7	102.0289193302892
1.0808954E7	103.86768060836502
1.0810267E7	22.571319603356216
1.08115905E7	97.31437125748504
1.0812913E7	23.74637127578304
1.08142265E7	114.99544764795144
1.081554E7	21.669213139801375
1.08168475E7	85.73813169984686
1.0818156E7	122.57131960335622
1.08194635E7	11.004601226993865
1.0820308E7	164.77142857142857
1.0821017E7	113.45788964181995
1.08222055E7	224.39434523809524
1.08235385E7	457.50151285930406
1.0824851E7	87.24788948580199
1.0826157E7	15.127578304048892
1.08274625E7	30.857142857142858
1.0828766E7	88.17164750957855
1.0830069E7	40.6587240584166
1.0831382E7	225.06867924528302
1.08326935E7	42.66101694915254
1.08339915E7	9.822804314329739
1.08352895E7	103.94530046224962
1.0836589E7	113.19062259800154
1.0837886E7	80.49497293116782
1.08391775E7	70.98992248062015
1.08407285E7	83.37141280353201
1.0842296E7	1445.1768707482993
1.0843608E7	106.91006917755573
1.0844902E7	110.66899766899768
1.0846191E7	153.44926413632842
1.08474785E7	23.577881619937695
1.0848548E7	23.687719298245614
1.0849191E7	21.185614849187935
1.0850047E7	32.78454332552693
1.0851328E7	12.979703356752538
1.08526085E7	55.871875
1.0853888E7	28.609851446442534
1.08551665E7	29.102503912363066
1.0856455E7	120.87451886066205
1.08577405E7	9.43867924528302
1.08590225E7	98.00154798761609
1.0860307E7	55.92247454972592
1.08615805E7	14.6
1.08628525E7	78.95682888540031
1.0864125E7	6.035405192761605
1.0865395E7	8.486997635933806
1.0866668E7	109.06264682850431
1.08680085E7	718.8760683760684
1.08693455E7	23.946456692913387
1.08706125E7	16.884493670886076
1.08718795E7	94.70157480314961
1.0873158E7	63.36208236208236
1.0874436E7	6.463356973995272
1.08757065E7	115.31525157232704
1.08768965E7	41.80415162454874
1.0877525E7	3.87248322147651
1.08782325E7	197.93759873617694
1.0879496E7	6.8366375892149085
1.08807695E7	98.44012441679627
1.08820405E7	33.288216560509554
1.08833E7	87.57244655581948
1.0884559E7	23.587250996015936
1.08858135E7	11.27591706539075
1.08870675E7	63.603668261563
1.08883895E7	2336.628776978417
1.08897115E7	18.924242424242426
1.08909675E7	46.50158982511924
1.0892221E7	11.574859887910328
1.08934775E7	60.075949367088604
1.08947335E7	41.21634615384615
1.08959815E7	11.40224358974359
1.08972315E7	83.44329073482429
1.08984815E7	91.65785256410257
1.08997305E7	96.3656
1.09009775E7	188.32717041800643
1.0902221E7	56.633950120675784
1.09034705E7	57.37738853503185
1.0904721E7	20.340562248995983
1.09056345E7	172.7405498281787
1.09062555E7	76.78787878787878
1.0907561E7	849.9149154279856
1.09091575E7	0.0
1.0910419E7	1068.3372365339578
1.09116805E7	41.04669887278583
1.09129215E7	21.158870967741937
1.09141905E7	107.68875192604006
1.0915455E7	31.337936636880585
1.0916695E7	641.7750200160128
1.0917938E7	93.3904607922393
1.0919172E7	42.582453290008125
1.09204025E7	5.779674796747967
1.09216405E7	73.09630818619583
1.0922886E7	394.7726907630522
1.0924703E7	363.21054834658855
1.0926512E7	38.12693246541904
1.0927745E7	673.0711398544867
1.0928979E7	53.697806661251015
1.09302085E7	5.1172638436482085
1.0931435E7	1.9208163265306122
1.0932702E7	759.1627196333079
1.09338785E7	81.3764367816092
1.09344905E7	28.0
1.09351915E7	85.58592471358429
1.09364125E7	8.604918032786886
1.09376325E7	115.32377049180327
1.0938852E7	49.5143560295324
1.094007E7	0.0
1.09412865E7	17.58470394736842
1.09425025E7	9.080592105263158
1.0943718E7	8.473251028806585
1.0944941E7	92.45166531275386
1.09461675E7	133.4468085106383
1.09473865E7	66.39884868421052
1.09486125E7	224.19660194174756
1.0949838E7	74.78683127572016
1.09510525E7	21.404448105436572
1.0952266E7	73.48804616652927
1.0953488E7	77.29650690495532
1.09547105E7	35.613673805601316
1.0955933E7	45.22826969943136
1.0957156E7	47.68065843621399
1.09583725E7	463.14285714285717
1.0959586E7	2.968569065343259
1.09607965E7	313.81848184818483
1.09620075E7	99.24628099173553
1.0962744E7	12.239543726235741
1.09633475E7	35.77012711864407
1.0964427E7	699.2526748971194
1.0965638E7	14.540182270091135
1.0966846E7	200.31182795698925
1.0968054E7	175.1300745650373
1.09692615E7	225.62996688741723
1.0970471E7	210.82163501238645
1.097168E7	93.12427506213753
1.09728865E7	24.04063018242123
1.0974093E7	94.6122618061309
1.09752995E7	64.72222222222223
1.09765045E7	36.82225913621262
1.0977708E7	35.65419783873649
1.0978911E7	72.76142975893599
1.09801155E7	20.12686567164179
1.09813185E7	18.255
1.098252E7	162.38320864505403
1.0983723E7	80.20947630922693
1.09849245E7	8.205833333333333
1.09861255E7	80.30615640599002
1.09873335E7	2535.866556836903
1.0988541E7	120.08825978351373
1.09897425E7	104.84941763727122
1.0990847E7	87.09136047666335
1.09914465E7	78.81770833333333
1.0992141E7	20.577276524644947
1.0993339E7	56.47456213511259
1.09945385E7	168.96833333333333
1.0995737E7	4.9298245614035086
1.0996933E7	17.554811715481172
1.0998128E7	50.77907949790795
1.09993525E7	327.9617224880383
1.1000576E7	52.92707460184409
1.10018065E7	263.4029968454259
1.10030385E7	102.0886287625418
1.10042385E7	580.2799003322259
1.1005438E7	38.61171548117155
1.10066315E7	27.151845637583893
1.1007822E7	80.37342304457528
1.1009016E7	75.05087572977482
1.101021E7	7.482758620689655
1.1011398E7	36.38753159224937
1.1012588E7	117.05029337803856
1.1013777E7	8.273417721518987
1.1015125E7	569.6717405691595
1.10164735E7	11.535413153456998
1.10176595E7	57.251264755480605
1.1018845E7	13.571308016877637
1.10196315E7	50.49742268041237
1.1020224E7	47.42659974905897
1.1021214E7	32.85967878275571
1.1022416E7	270.2121212121212
1.10236165E7	9.303389830508475
1.1024799E7	148.9029535864979
1.1025983E7	105.26796280642435
1.10271635E7	1.265704584040747
1.10283415E7	23.177419354838708
1.1029519E7	45.37638062871708
1.1030697E7	89.17726887192536
1.1031878E7	96.95942519019442
1.1033057E7	6.31404255319149
1.1034232E7	4.072340425531915
1.1035407E7	65.73191489361702
1.10365835E7	167.50764006791172
1.10377685E7	71.46224832214764
1.10389515E7	80.82708688245314
1.10401355E7	490.57453936348406
1.10413235E7	66.35617597292725
1.10425075E7	797.239460370995
1.10436845E7	29.25
1.10448545E7	115.87542662116041
1.1046026E7	329.27668659265584
1.1047192E7	84.14298018949182
1.10480365E7	154.94507575757575
1.10486165E7	87.85284810126582
1.1049512E7	13.95599654874892
1.10506705E7	4.9024179620034545
1.1051829E7	89.45383951682484
1.1052989E7	210.44702842377262
1.1054157E7	476.4646808510638
1.1055324E7	92.83779119930975
1.1056481E7	38.45454545454545
1.10576355E7	36.598786828422874
1.1058792E7	108.61691113028473
1.1059949E7	46.06233766233766
1.1061102E7	9.105125977410948
1.10622595E7	79.64432989690722
1.10634155E7	102.82752613240419
1.10645655E7	36.619791666666664
1.1065715E7	11.537053182214473
1.10668635E7	185.92
1.10680295E7	93.082910321489
1.1069194E7	81.76111595466435
1.10703515E7	370.0736301369863
1.1071509E7	76.08108108108108
1.10726555E7	93.30802792321117
1.1073806E7	126.53679653679653
1.1074957E7	183.89973844812553
1.1076101E7	4.154250657318142
1.10767235E7	1700.3173076923076
1.1077309E7	1868.0656044985942
1.1078415E7	34.226200873362444
1.1079557E7	6.303775241439859
1.1080698E7	100.41032370953631
1.1081839E7	110.71553994732221
1.1082978E7	12.47585601404741
1.1084122E7	13.0
1.10852655E7	19.66871704745167
1.10864065E7	114.77097902097903
1.1087549E7	6.415425065731815
1.10886885E7	16.983304042179263
1.1089825E7	93.77533039647577
1.10909595E7	17.84832451499118
1.10920935E7	128.59347442680777
1.10932265E7	10.48321554770318
1.10943585E7	120.49558303886926
1.10955415E7	523.5559157212317
1.109673E7	76.750656167979
1.10978675E7	122.67756183745583
1.1099003E7	154.50219490781387
1.1100137E7	0.7608503100088574
1.11012675E7	329.57597173144876
1.11023975E7	27.69503546099291
1.1103526E7	97.44109831709477
1.11046705E7	253.8646551724138
1.1105565E7	267.77424483306834
1.11064435E7	31.22872340425532
1.11075705E7	20.185612788632326
1.11086965E7	2.872113676731794
1.1109846E7	98.76044330775788
1.1110994E7	27.949243098842388
1.1112116E7	15.876003568242641
1.1113242E7	209.3810786914235
1.11143685E7	54.44741532976827
1.11154895E7	36.730357142857144
1.1116613E7	89.19343389529725
1.11177355E7	51.49731663685152
1.11188535E7	11.811270125223613
1.1119977E7	70.4074402125775
1.11210995E7	52.943548387096776
1.1122216E7	69.51566696508505
1.1123332E7	15.822421524663676
1.11244475E7	150.11827956989248
1.11255645E7	127.41949910554561
1.1126681E7	54.4
1.1127797E7	304.84064458370636
1.11289125E7	62.18761220825853
1.11302725E7	328.49252801992526
1.1131633E7	6.996412556053811
1.1132748E7	69.91748878923767
1.11335155E7	63.43333333333333
1.11340725E7	215.44092219020172
1.11349765E7	102.35188509874327
1.113609E7	56.94519317160827
1.1137204E7	56.026905829596416
1.1138318E7	15.764600179694519
1.113943E7	32.603060306030606
1.11405425E7	49.600538599640934
1.1141656E7	33.281221922731355
1.1142778E7	37.28028293545535
1.11438985E7	35.57297297297297
1.1145008E7	21.906221821460775
1.1146115E7	33.81628959276018
1.114722E7	12.128506787330316
1.1148325E7	2.1755656108597283
1.11494295E7	8.384057971014492
1.1150538E7	116.44654088050315
1.1151646E7	19.376246600181325
1.11527525E7	292.272972972973
1.11538615E7	126.14079422382672
1.11549685E7	51.03707052441229
1.11560725E7	22.37568058076225
1.11571725E7	31.123861566484518
1.115827E7	93.42023701002735
1.11593705E7	78.80253623188406
1.1160473E7	74.38782924613987
1.1161572E7	34.75752051048313
1.11621605E7	7.9125
1.11627075E7	20.243589743589745
1.1163773E7	92.6016114592659
1.1164878E7	70.98444647758463
1.1165973E7	96.29808568824066
1.1167068E7	30.17566331198536
1.1168171E7	100.04761904761905
1.11692795E7	76.1286231884058
1.11703795E7	207.6140510948905
1.1171474E7	71.33577310155535
1.11725935E7	50.56980802792321
1.1173713E7	278.3577310155535
1.1174804E7	43.99632690541782
1.11758925E7	59.59742647058823
1.1176983E7	105.30649588289113
1.11780735E7	20.449448529411764
1.1179161E7	11.734130634774608
1.11802485E7	90.46047794117646
1.11813365E7	164.55055147058823
1.11824255E7	284.96605504587154
1.1183513E7	8.663594470046084
1.11846095E7	450.41696750902526
1.11857095E7	94.21886446886447
1.1186825E7	92.25812115891132
1.11879375E7	65.29465930018416
1.11890225E7	37.35424354243543
1.1190113E7	110.71103008204193
1.11906685E7	51.0
1.11912105E7	128.89439252336447
1.11922865E7	1.9075785582255083
1.11933695E7	103.59963099630997
1.1194454E7	60.42857142857143
1.11955385E7	4.128228782287823
1.11966215E7	5.754158964879852
1.1197703E7	13.378353376503238
1.11987835E7	21.506481481481483
1.11998715E7	420.3521897810219
1.12009595E7	1.112962962962963
1.120204E7	37.30342275670675
1.120312E7	5.691380908248378
1.12041995E7	42.69814814814815
1.12052785E7	2.439703153988868
1.12063565E7	27.125231910946198
1.12074335E7	5.7072490706319705
1.120851E7	37.17548746518106
1.12095965E7	282.3914233576642
1.12106825E7	92.22862453531599
1.1211764E7	256.8426862925483
1.12128425E7	284.9626168224299
1.1213917E7	8.946246524559777
1.12150005E7	1125.984375
1.1216086E7	145.71375807940905
1.1217428E7	419.2891942535915
1.12186895E7	1021.9598698481561
1.1219308E7	119.0
1.12199995E7	33.38483146067416
1.12210685E7	88.10934579439252
1.12221395E7	105.21921641791045
1.122321E7	47.315247895229184
1.12242835E7	386.6734693877551
1.1225358E7	254.34173669467788
1.12264265E7	202.09849906191369
1.1227496E7	78.93755824790307
1.1228565E7	73.69953051643192
1.12296315E7	311.47940074906364
1.12306965E7	14.45668549905838
1.12317595E7	37.93045112781955
1.12328215E7	9.139622641509433
1.1233886E7	190.88961646398502
1.1234948E7	53.35260663507109
1.1236003E7	47.153554502369666
1.12370585E7	260.1676136363636
1.1238114E7	70.89573459715639
1.12391735E7	654.2424812030075
1.1240233E7	108.50805687203791
1.12412875E7	16.717267552182165
1.12423415E7	4.49146110056926
1.1243396E7	45.1175355450237
1.12444505E7	26.644212523719165
1.1245512E7	61.80168381665108
1.12465735E7	45.42979127134725
1.1247363E7	106.69142857142857
1.12478895E7	117.1969696969697
1.12486905E7	145.0707635009311
1.1249754E7	48.894586894586894
1.12508075E7	141.40417457305503
1.1251861E7	88.19373219373219
1.125292E7	431.6591549295775
1.12539785E7	52.295627376425855
1.125503E7	29.894386298763084
1.12560815E7	169.96007604562737
1.1257133E7	48.15794481446242
1.1258184E7	0.0
1.1259234E7	2.0047664442326023
1.12602845E7	79.87072243346007
1.1261335E7	176.98379408960915
1.1262384E7	116.02764537654909
1.1263436E7	182.4654028436019
1.126449E7	247.41310541310543
1.126554E7	43.86628462273161
1.1266588E7	320.57102001906577
1.1267637E7	61.42897998093422
1.1268685E7	7.7831900668576885
1.12697405E7	2392.0187969924814
1.1270796E7	31.0
1.12718425E7	0.0
1.1272888E7	0.0
1.12739375E7	40.182163187855785
1.12749885E7	85.79675572519083
1.12758065E7	14.431972789115646
1.12763285E7	52.75219298245614
1.1277079E7	81.68612440191387
1.12781265E7	121.50761904761904
1.12791735E7	16.279693486590038
1.1280217E7	11.335570469798657
1.1281261E7	226.66124401913876
1.1282305E7	17.83125599232982
1.1283348E7	64.87248322147651
1.12843905E7	20.023032629558543
1.12854335E7	108.94731800766283
1.1286476E7	88.04995196926032
1.1287518E7	16.698945349952062
1.1288561E7	335.49952061361455
1.12896025E7	263.7903846153846
1.1290642E7	142.53994225216553
1.12916805E7	2.842003853564547
1.12927185E7	22.88921001926782
1.1293757E7	12.068334937439847
1.1294795E7	49.37512054001929
1.1295832E7	46.79652844744455
1.129718E7	710.8902953586498
1.1298527E7	34.219323671497584
1.1299561E7	17.862536302032915
1.13006005E7	788.2724665391969
1.130165E7	1447.937321937322
1.13026955E7	274.6666666666667
1.1303738E7	180.8328557784145
1.13044185E7	18.904458598726116
1.1304936E7	35.74757281553398
1.1305813E7	74.6592449177154
1.13068455E7	50.093023255813954
1.13078775E7	3.750968992248062
1.1308909E7	8.633365664403492
1.13099405E7	25.225775193798448
1.13109715E7	5.471844660194175
1.13120015E7	1.7174757281553399
1.1313034E7	67.96038647342995
1.1314066E7	46.35957240038873
1.1315095E7	81.91642371234208
1.13161235E7	123.59533073929961
1.1317157E7	62.843118383060634
1.1318189E7	80.18536585365854
1.1319215E7	264.1470301850049
1.13202465E7	884.7548262548263
1.1321282E7	37.99323671497584
1.1322313E7	7.486854917234664
1.1323339E7	59.758048780487805
1.1324368E7	614.2381413359149
1.13254265E7	716.489852398524
1.132648E7	5.24633431085044
1.1327511E7	79.84215591915303
1.1328543E7	80.92487804878049
1.1329569E7	31.752677702044792
1.1330593E7	16.71988246816846
1.1331614E7	9.01175318315377
1.13325875E7	13.659827213822894
1.13330975E7	4.446808510638298
1.1333656E7	36.92375366568915
1.13346775E7	12.972549019607843
1.13356975E7	1.469607843137255
1.1336717E7	87.31108930323848
1.13377355E7	0.0
1.1338753E7	19.32448377581121
1.13397725E7	121.706457925636
1.1340792E7	84.68534906588003
1.13418145E7	49.6692607003891
1.13428365E7	13.088582677165354
1.1343859E7	1144.415937803693
1.1344881E7	22.542857142857144
1.1345897E7	196.65093411996068
1.13469145E7	517.5933202357564
1.13479295E7	69.12351778656127
1.1348943E7	133.47487684729063
1.13499795E7	1321.6474480151228
1.1351019E7	97.5847208619001
1.1352035E7	1.7665677546983185
1.1353047E7	53.834155972359326
1.1354059E7	14.153313550939664
1.135508E7	121.51891367604267
1.1356103E7	285.7418719211823
1.1357116E7	59.010880316518296
1.13581265E7	66.17227722772277
1.1359137E7	287.8783382789318
1.1360146E7	7.719960278053625
1.13610875E7	119.92123287671232
1.13616E7	39.58389261744966
1.13621785E7	63.61011904761905
1.13631855E7	78.43737574552684
1.13641945E7	542.0247035573123
1.13652075E7	727.3372781065088
1.1366217E7	21.708457711442787
1.1367222E7	6.449751243781095
1.13682265E7	33.341633466135455
1.1369234E7	199.3145400593472
1.1370241E7	24.766699900299102
1.13712435E7	62.579840319361274
1.1372255E7	83.95690499510285
1.1373266E7	33.02997002997003
1.13742715E7	193.13861386138615
1.1375279E7	99.17810945273632
1.13762835E7	176.95019920318725
1.1377287E7	379.72781655034896
1.1378293E7	233.02576808721506
1.137932E7	1346.3492822966507
1.1380691E7	303.7236299351797
1.13820465E7	349.85502958579883
1.13833235E7	868.3655844155844
1.13849785E7	371.21016949152545
1.1386496E7	631.2837944664032
1.13878665E7	78.09891598915989
1.13892435E7	263.36854460093895
