#Position (bp)	insert size
14238.0	573.8492727272727
34467.5	585.234934086629
48705.0	578.6251668891856
71188.0	584.650728427344
86054.5	527.6296296296297
100292.0	587.2356700232378
121615.5	584.3868255080589
135853.0	588.5038352846185
156613.0	586.1364132411786
173324.0	571.0312109862672
187561.5	583.3518821603928
211401.0	588.3730247050968
225638.5	578.8454706927176
242038.0	582.2712826333711
266726.0	578.0758280865042
280963.5	567.1276332094176
298988.0	583.6089432609155
320661.5	586.9572763684913
334899.0	591.7246590490232
355938.0	577.380404685836
378632.5	575.0452306314376
392870.0	564.0279375513558
412585.5	580.8458788898233
426823.0	605.5987654320987
441363.0	587.7837104072398
460101.0	574.5221300138313
474338.5	565.7513189448441
493035.5	581.1468450130852
507273.0	578.7330210772834
524591.5	580.195991091314
538829.0	584.7649363369246
555263.0	584.4274985557481
570103.0	461.2
584340.5	583.876117268502
601922.5	582.2440381558029
616160.0	586.8652922903135
633008.0	573.0483543275092
647245.5	586.9913393133313
663944.0	581.5726752934096
678181.5	570.302110817942
697532.0	583.560844600852
711769.5	547.8518518518518
726113.0	570.1303387334315
742658.0	568.6054421768707
756895.5	583.8195488721805
773098.0	563.042026482441
787335.5	587.0186299799369
807604.0	584.1417974322396
821841.5	567.6692506459948
838909.0	586.1000216966804
853146.5	620.2435020519836
868488.0	589.0428398687166
883450.0	525.6206896551724
897687.5	586.171389486027
913382.5	574.37147102526
927620.0	585.8976664525798
942970.0	571.567213114754
957207.5	583.9141055949567
973580.5	578.104578858112
987818.0	589.0733758700696
1003578.0	579.0364406779661
1017815.5	583.2826666666666
1032869.0	574.1338143653657
1047106.5	583.1949119373777
1062736.0	579.4126322539275
1076973.5	588.5895027624309
1091933.0	578.0486610058786
1106170.5	583.0152317880795
1120776.5	583.0800933125972
1135014.0	581.1173062997827
1149573.0	581.2688356164383
1163810.5	583.2015267175573
1177853.5	581.3299001248439
1192091.0	576.5150669642857
1206407.0	581.5443907402697
1220644.5	581.7664233576643
1234281.5	585.9125742039935
1248519.0	589.3818503241014
1263172.0	577.2433285509326
1277409.5	578.5928718300206
1292710.5	585.6130096629743
1306948.0	584.7378190255221
1320767.5	581.7718230751228
1335005.0	599.0132827324478
1348624.0	581.7388001047943
1362861.5	575.566763425254
1378451.5	579.9430663831798
1392689.0	588.9070450097847
1406135.0	587.0021593090211
1420372.5	580.6548100242522
1433683.0	577.049518958687
1447920.5	578.8480424684805
1462573.0	586.2457415398592
1476810.5	580.9510676156584
1490088.5	578.6355851569933
1504326.0	577.5462427745665
1517803.5	585.5826851538721
1532041.0	574.544434470377
1545849.0	580.7921061585573
1560086.5	585.4748877092691
1572904.5	578.0904003443823
1587142.0	583.6767676767677
1601038.5	574.2951642335767
1615276.0	581.0054545454545
1627854.0	583.2620035566093
1642091.5	581.9865162355532
1655938.5	591.1118500604595
1670176.0	585.8130587916554
1684475.0	590.6631853785901
1698712.5	578.4943904263276
1722738.0	586.9723915381858
1751213.0	585.8550891316848
1771613.5	584.4959928762244
1785851.0	587.2843373493976
1798543.0	582.0105078809107
1812780.5	586.1259409380428
1825831.0	575.2996688741722
1840068.5	583.0444708680143
1852299.5	572.9484978540772
1866537.0	585.8341044282881
1881784.0	569.9885931558936
1895852.0	580.4670421360033
1907656.0	602.1111111111111
1919484.5	578.113606340819
1933722.0	589.46088794926
1946647.0	581.7339782345829
1960884.5	587.3861031518625
1973372.5	585.3779869659667
1987610.0	583.1811201445348
2000901.5	576.9480122324159
2015139.0	577.3111984282908
2026666.0	583.9669703872437
2040903.5	587.7820475212673
2052315.5	581.9420289855072
2065726.5	575.0782715042805
2077849.0	553.7545126353791
2089880.5	578.7422649444278
2104118.0	576.7751371115173
2115760.0	584.7325038880249
2129997.5	586.0242100943783
2140858.5	577.0878873239436
2155096.0	584.7033805888768
2166264.0	550.9038076152304
2179242.0	580.4713688867043
2191316.0	565.8491379310345
2202646.0	583.7822045152723
2216883.5	586.631186440678
2228406.5	584.8337384540594
2242644.0	570.6529134998191
2255249.0	580.544328875681
2269486.5	588.1035658914728
2280590.0	572.3339472068753
2294062.0	580.1117274167988
2305710.0	574.1682242990654
2316420.5	581.5870804306523
2330658.0	585.6213890596189
2341236.5	578.5627147766323
2355474.0	582.1369716425896
2367604.0	583.1712737127372
2381841.5	585.9379310344827
2392555.5	537.4055944055945
2403727.0	584.7290707125441
2417309.5	580.6236003445306
2427762.0	574.506671899529
2441999.5	580.9714285714285
2452517.0	578.6565055762081
2466551.5	582.8311555213938
2477122.5	588.9418604651163
2487789.5	580.3436477238916
2502027.0	559.3400702987698
2513153.0	579.3941524796447
2527390.5	580.969288389513
2537735.0	575.6036960985626
2551497.5	581.1710967741935
2562275.5	631.6716417910447
2573019.0	578.723967350977
2587256.5	585.8192505510654
2597931.0	589.9487632508834
2612168.5	576.5445977785257
2622667.5	573.2799325463743
2635566.0	580.4753568542957
2646836.5	570.8376068376068
2657246.0	586.1930246542394
2671483.5	564.682006442706
2681835.0	570.8878101402373
2696072.5	579.0209288990826
2706127.5	509.4188790560472
2717007.0	579.5510257759074
2730242.5	579.331987075929
2740095.0	580.8752220248667
2754332.5	578.4137123745819
2764081.0	574.253499222395
2775919.0	583.648401826484
2788151.0	584.9350649350649
2800174.5	579.0975015234613
2814412.0	566.6267447095903
2825587.0	573.1431201104464
2839824.5	578.3150976909413
2849873.0	561.4066587395957
2862522.0	594.2448675989289
2874387.0	590.9744990892532
2884228.0	592.2611245256985
2898465.5	582.3232642019838
2908149.0	574.4706814580031
2921394.5	584.9939957970579
2931933.5	597.9582089552239
2941926.5	586.9996591683708
2956164.0	565.7665859564165
2965662.0	583.3041775456919
2979711.0	578.093839132915
2989687.0	589.0649350649351
2999441.5	585.4348767939344
3013679.0	580.5897291196388
3023452.0	587.3492315845257
3037689.5	581.9864043968759
3047305.0	516.5483870967741
3057008.0	582.959479015919
3070766.0	580.7684268426842
3079861.5	581.5921052631579
3093776.0	582.0450601735237
3103452.5	564.9652777777778
3112782.0	585.8764115432873
3127019.5	581.445856873823
3136409.0	576.804255319149
3149644.5	581.2016971279373
3159723.5	604.8035714285714
3168761.5	576.8722826086956
3182999.0	584.1426124197002
3192348.0	582.2295869356388
3204424.5	588.5511540860886
3215514.5	578.4649532710281
3224853.5	582.1723716381418
3239091.0	590.9802775748722
3247970.5	590.9284369114878
3259194.0	567.9169685149067
3271611.5	582.3472222222222
3280684.0	588.988188976378
3294921.5	580.6835005188516
3303807.5	563.1923076923077
3313951.0	566.3947643979058
3327481.5	587.4
3336102.0	584.7917414721724
3349987.5	579.6434654919236
3359698.5	569.2411764705882
3368463.0	568.1326496857426
3382700.5	578.7474844274078
3391637.0	568.8190262652146
3403555.0	577.5066465256798
3414681.0	594.0252100840336
3423672.5	578.2783127005961
3437910.0	577.5583388266315
3446890.0	516.1448598130842
3456879.0	577.3625311720698
3469702.0	586.7555135475741
3478246.0	575.8383900928793
3491348.0	565.8559492941515
3501290.0	561.74
3510950.5	585.4646404449742
3525188.0	585.6633211678832
3533930.0	577.6281553398059
3545330.5	581.2297800338409
3556538.5	582.3727699530516
3564561.0	585.3770907247846
3578315.0	590.7828427853553
3587367.0	553.45
3595963.5	592.193588937775
3610201.0	578.0870552611658
3618778.0	566.3582375478927
3629277.5	576.9946657183499
3641062.5	585.268758526603
3649059.0	586.8214507129572
3661088.0	584.1727823298895
3671067.0	574.5932666060055
3679930.5	577.0870185449359
3694168.0	579.7547683923706
3702636.5	529.9884393063584
3712096.5	590.2322143517092
3725448.0	581.4740359897172
3733267.5	581.9576576576577
3743902.0	589.3826623141096
3755097.5	589.4296241709653
3762770.0	575.9175931981688
3774426.5	582.9201376936317
3784594.5	581.9793510324483
3792100.0	565.4918949133594
3804514.0	583.8559519839947
3813827.0	582.5449358059915
3821351.5	583.6197327852004
3834722.0	585.387706855792
3843258.5	586.3695652173913
3851110.5	582.5533807829181
3865348.0	565.4211597151577
3872824.5	0.0
3880451.5	577.8032447359337
3894465.0	575.6646862235425
3901840.0	556.6972972972973
3910612.5	583.1805860805861
3924085.5	584.8063186813187
3931442.0	586.99176276771
3940577.0	578.0726807888971
3952923.0	580.8468149646108
3960493.0	580.7105263157895
3970194.0	584.021021021021
3981964.0	573.4886117136659
3989180.0	582.1633858267717
4000061.0	585.9041639127561
4011619.0	589.9732142857143
4018801.5	580.1742021276596
4030166.5	582.6946564885496
4040578.0	568.5723270440252
4047647.5	587.8459119496855
4059209.5	572.1666666666666
4069250.0	593.1435272045028
4076384.5	581.9374255065554
4087844.0	578.0242661448141
4097622.5	595.6267893660531
4104657.0	581.4820548909219
4116260.0	581.6679764243615
4126241.0	590.9231536926147
4133967.0	582.4580335731415
4145791.5	577.0234541577826
4154937.5	581.7980198019802
4161667.5	574.1408987052552
4173074.5	577.9458318677454
4182995.0	589.2255358807083
4190266.0	583.3489847715736
4201372.5	582.9313009875483
4211169.5	570.9553208773355
4218190.5	577.1777920410783
4228707.0	580.8438003220612
4239054.5	577.8466257668712
4245592.5	582.7209543568465
4255327.0	547.6223122468059
4266747.5	584.4734774066798
4273358.5	568.7968526466381
4281936.0	578.697392086331
4294065.5	572.8569230769231
4302473.5	568.5405405405405
4311680.5	589.4379746835443
4323170.0	583.6516746411484
4329648.5	562.8512396694215
4337631.5	582.3462039045553
4350421.0	587.2305521966949
4357128.5	526.8108108108108
4363982.0	577.1042194092827
4377548.0	578.6753246753246
4384932.0	590.2747252747253
4391318.0	581.0105540897098
4404108.5	587.5312368972747
4412178.5	575.4236641221374
4418449.5	580.1897574123989
4429522.5	578.6468662301216
4438936.0	579.1872630780895
4445728.0	569.9858457183298
4455583.0	587.9274111675127
4466193.0	582.4564254062038
4472601.5	577.0294117647059
4480788.0	582.6379464285715
4492999.5	588.2738927738927
4499314.0	396.47058823529414
4505721.0	577.8695829926411
4518149.0	579.9826815642458
4525979.5	594.8914728682171
4532212.0	569.623730964467
4543203.5	577.355419379548
4552754.5	587.6514227642276
4558773.5	576.6493902439024
4567762.0	582.943820224719
4579226.5	585.8678500986193
4585354.5	571.0941176470589
4592532.5	578.8146431881372
4604878.5	572.3738543174144
4611938.0	560.5110024449878
4618121.0	580.1984684109764
4629270.0	580.5291777188329
4638337.0	576.6194331983805
4644320.5	574.8364389233955
4653302.0	561.9384164222874
4664644.5	589.4775390625
4670565.5	557.243093922652
4677083.0	575.6750727449079
4688874.0	577.5110294117648
4696594.0	572.7649918962722
4702690.5	583.8042253521127
4712828.5	581.3625758282781
4722751.0	579.8518518518518
4728664.0	574.2307692307693
4736535.5	571.5687558465856
4748390.5	588.0059652928417
4754756.5	523.6739130434783
4760543.0	578.6461824953445
4771717.0	574.5563093622795
4780737.0	584.3917727717924
4786737.0	587.9282051282051
4795493.0	573.1569065713009
4806794.0	524.6626712328767
4812458.5	333.7647058823529
4818365.0	572.6076532964499
4829659.0	581.687110685194
4837990.0	588.123246492986
4843643.5	592.416440831075
4852328.0	580.600742311771
4863672.5	581.917684305744
4869385.5	0.0
4875431.5	578.476891615542
4886850.0	584.7563249001331
4895041.5	587.9079189686925
4900552.0	574.9737945492662
4909290.0	586.3231106243154
4920643.5	584.7687707641196
4926143.0	611.2121212121212
4931660.0	584.9898599710285
4942768.0	574.4760787992495
4951521.0	575.2424242424242
4956951.0	562.6282894736842
4966389.0	580.4952805453592
4978326.0	585.1748251748252
4983779.0	500.8269230769231
4992302.0	574.7514631291456
5005706.0	580.5932737782449
5011420.5	609.1875
5016827.5	573.3467741935484
5027450.0	581.4632835820895
5036460.5	586.9795244385733
5041844.5	573.2719449225473
5048960.0	578.8646958499147
5060039.0	574.6800679501699
5067161.0	569.5248962655602
5073267.0	587.3847915712322
5084057.5	567.9263248599741
5093578.5	575.8652108433735
5098945.5	573.2416107382551
5106191.5	578.0437044745057
5117058.5	576.8398016386374
5124050.0	576.273851590106
5129514.0	586.4879288437103
5138851.0	583.9157336476135
5149075.0	579.6944583125312
5154368.0	506.4259259259259
5160118.5	575.6233467510064
5170701.5	582.2372962607861
5179188.5	584.111735769501
5184644.5	573.4935217903416
5192030.0	578.1956769055745
5202452.5	578.7975253093364
5209304.5	579.3260869565217
5214595.0	575.0741599073001
5223503.0	579.0895953757225
5233999.0	588.9770053475936
5239328.5	524.2727272727273
5244826.5	579.7162022703818
5255336.0	590.0264410364887
5264147.5	556.8664799253035
5269101.5	501.802110817942
5275403.5	573.2182709993868
5285625.5	585.1084010840109
5293561.0	569.6100131752306
5298763.0	572.6284741917186
5306117.0	573.4879862700229
5316252.0	581.0157977883097
5323135.5	574.7475490196078
5328441.5	583.4302925989673
5336991.0	577.4077809798271
5346942.5	584.8909875876956
5352630.5	601.2527472527472
5357893.5	586.8509202453988
5367400.0	579.8837370242214
5377044.5	570.3375142531357
5381941.0	0.0
5387155.0	581.944089456869
5397221.5	579.0955528846154
5406245.0	578.8664615384615
5411088.5	556.4833333333333
5416752.5	580.1394849785407
5426404.0	580.2030651340996
5434977.5	582.8429423459245
5440005.5	559.5093167701864
5446068.5	585.99
5455630.5	580.4053084648493
5463805.0	607.0824837812789
5468569.0	561.5147392290249
5474910.0	579.8691037735849
5484653.5	582.6018518518518
5492550.0	565.3160967472894
5497391.0	571.7137614678899
5504047.0	574.7304299889746
5513672.0	580.541423570595
5521253.5	563.0498588899342
5525943.5	571.096062992126
5534011.5	588.9822770179156
5544887.5	575.2347417840375
5551057.0	575.9477020602219
5555913.0	558.3847765363129
5563807.0	576.655274012964
5573121.5	576.2559489262914
5579465.0	575.8265306122449
5583984.5	575.7939835916135
5591479.0	578.7728253055355
5600696.5	577.8706536856746
5607439.5	574.5086848635236
5612263.0	571.6730769230769
5619646.5	577.9643029425953
5629169.0	572.5853242320819
5636023.0	599.4
5640496.5	525.0
5647446.0	580.2730042656916
5656531.0	578.1815950920245
5663819.0	584.8645833333334
5668488.5	586.7911908646004
5674915.0	557.7442827442827
5683836.5	583.5834363411619
5691647.5	581.131217838765
5696281.0	568.3378076062639
5701955.5	577.7711244178311
5710780.5	580.528125
5719343.5	576.942119944212
5723834.5	482.5897435897436
5728595.0	576.5038461538461
5737595.0	513.1058064516129
5746582.0	578.6682085786375
5751460.5	585.8177777777778
5756045.5	584.877855887522
5764443.5	486.67420814479635
5773127.5	577.568524970964
5778967.0	580.5392354124748
5783525.0	573.6394686907021
5790927.0	578.0391025641026
5799751.0	575.8649951783992
5806586.5	567.1695906432749
5810852.0	523.8923076923077
5817169.5	580.0074859638179
5825811.5	570.6723996723997
5833731.5	575.2414772727273
5838015.0	569.1970802919708
5842901.5	586.6223628691984
5851380.0	589.5459688826026
5859984.0	582.5240811153359
5865103.5	538.6535947712418
5869319.0	591.3127677806341
5877062.5	581.2037037037037
5885777.5	559.7369668246446
5892271.5	598.9540389972145
5896728.5	568.3428232502965
5903305.0	565.3021766965429
5911735.5	575.2057553956835
5919396.5	585.9019607843137
5923563.0	567.2067307692307
5928583.0	575.6305469556244
5936992.0	531.6134338588074
5945498.5	561.9140337986775
5950564.5	573.2233502538071
5957743.0	584.3465401785714
5968536.0	548.9455667789001
5976306.0	568.3290155440415
5980517.0	554.0508474576271
5985404.0	579.6138996138997
5993655.5	572.2347762289069
6001905.0	583.0607101947309
6007124.5	569.7690417690418
6011253.0	580.4005934718101
6018451.0	562.7757166947723
6026717.5	580.0782198246796
6033757.0	589.622335890878
6037838.0	584.344512195122
6043261.0	582.5170316301703
6051804.0	548.5153649167734
6060085.0	576.8102288021535
6064642.0	573.8924731182796
6068688.5	587.2908333333334
6076386.5	588.4172494172494
6084662.0	568.8086373790022
6091201.5	572.9695044472682
6095340.5	561.0842541436464
6101075.5	602.801775147929
6109125.0	522.741935483871
6117172.0	567.6572104018912
6121670.0	554.1481481481482
6125689.0	575.96
6133268.0	570.1942945258288
6141286.0	576.3011250827267
6147944.5	584.5440414507772
6151911.5	584.7333333333333
6157269.5	574.5572105619499
6165199.5	570.1970649895178
6173041.5	583.7488433575677
6178038.0	576.4453781512605
6181919.5	563.139175257732
6188625.5	583.4097014925374
6196333.0	587.5889235569423
6203864.5	576.9140049140049
6207743.5	312.5
6211841.0	593.8104265402843
6219756.0	575.6466763005781
6227585.0	581.6181434599156
6233714.5	577.7793326157158
6237527.0	587.8215102974829
6242815.0	579.9555984555984
6250476.0	578.4924514737598
6258421.5	575.0317965023847
6263496.5	608.3216957605985
6267275.5	572.7196885428253
6273826.0	578.3788187372709
6281475.0	574.6017080745341
6289162.0	571.8653451811347
6292997.5	0.0
6296824.5	570.7707399103139
6304766.0	590.4249820531228
6312626.5	588.254498714653
6318900.5	486.2626427406199
6322617.5	495.44444444444446
6327478.0	562.0352644836272
6335160.5	562.4283657307416
6342929.5	562.096875
6348317.5	546.0078125
6352031.5	506.34017094017094
6357831.0	576.7540064102565
6365211.0	522.8641025641026
6372558.0	572.942880794702
6377309.5	571.6270161290323
6383654.5	576.9224467504096
6392565.0	576.8843930635838
6399949.0	584.1059167275383
6405276.0	594.9026369168357
6409026.5	583.4551083591331
6414777.5	582.9576124567474
6422058.0	588.2943548387096
6429294.0	561.3188405797101
6434100.0	456.1058394160584
6438108.0	568.68
6444465.5	585.2132459970888
6451850.5	572.1658075601374
6459185.5	574.5013966480446
6463280.5	436.5301204819277
6466879.0	567.6715976331361
6473476.0	584.0658914728682
6480663.5	559.257174392936
6487868.5	575.8930581613508
6491865.0	536.4666666666667
6495388.5	522.1315789473684
6502007.5	592.9379727685325
6509086.0	573.9792566983579
6516176.5	567.1071428571429
6520247.5	571.5169082125603
6523719.0	569.1996007984031
6530220.5	579.5701091519732
6537216.5	590.0054945054945
6544559.5	582.7772096420745
6548857.5	602.139896373057
6552408.5	581.9303201506591
6558994.5	601.048128342246
6565968.5	572.7731811697574
6572944.0	536.3215284249767
6577049.5	592.5692307692308
6580590.0	563.7883131201764
6586965.5	589.0248447204968
6593905.0	574.0529661016949
6600750.5	563.6036772216547
6605184.0	641.484375
6608785.0	581.3216031280548
6615049.5	578.6770491803279
6622120.0	574.8156277436348
6628902.5	577.7377593360995
6633485.0	582.4173553719008
6636875.5	524.5095447870779
6642454.0	569.1321525885559
6649168.0	558.1432506887053
6655962.0	573.0214592274679
6661285.5	570.7194630872483
6664624.5	573.1565040650406
6669426.5	935.0
6676112.5	573.42006615215
6682849.0	573.3421052631579
6688926.5	540.310502283105
6692223.0	548.1818181818181
6696296.0	589.4223454833598
6703232.5	571.663453815261
6710003.0	579.4065743944636
6716602.5	574.5086705202312
6719996.5	481.0
6723270.5	487.6578947368421
6729736.0	558.7579972183588
6736397.0	577.5619909502262
6743101.0	587.5645472061657
6747507.5	595.361581920904
6750762.0	584.2983151635283
6756195.0	586.5515873015873
6762683.0	570.0335051546392
6769327.5	581.1573604060914
6774890.5	558.1217712177122
6778149.0	531.765306122449
6782620.5	577.5593542260209
6789306.5	558.9133725820017
6795846.5	573.2622798887859
6802294.5	559.6430678466077
6805520.5	614.4
6808719.0	566.8961284230406
6815184.5	583.8772064466616
6821691.0	573.1573546180159
6828134.5	564.5567226890756
6832672.0	581.0
6835860.5	465.8333333333333
6840908.5	574.9668508287293
6847385.0	569.0233644859813
6853852.5	576.0245829675154
6859753.5	582.5783645655878
6863267.0	595.570796460177
6867225.0	558.7676056338029
6873615.0	586.9200336700337
6880032.5	572.6038781163435
6887088.5	574.8562711864407
6892587.0	581.1272084805654
6897391.5	510.4924623115578
6903794.5	568.6160877513711
6910167.5	482.73793103448276
6916365.5	596.6505758392551
6919527.0	0.0
6925507.5	583.1856314145471
6935464.0	549.7082942097027
6942758.0	578.2797992471769
6946937.5	610.5632653061225
6950279.5	588.4534821903243
6955802.0	588.9977843426883
6962213.5	575.8081149619611
6968573.0	590.9616858237548
6974020.0	572.6770053475935
6977135.0	563.5532994923858
6981076.5	567.6974664679583
6987406.0	584.991847826087
6993656.5	564.294498381877
6999849.5	577.5090735434575
7003895.0	563.5280898876405
7006967.5	582.2014134275619
7012198.5	575.3048264182896
7018396.0	582.1881467544684
7024635.5	578.7048406139315
7030558.5	543.4685534591194
7033620.5	347.3333333333333
7036975.0	477.62396694214874
7043191.5	592.0397175639894
7049416.5	587.2341897233201
7055545.5	575.6054006968641
7060203.5	577.5373352855052
7063253.5	570.6526806526806
7067755.0	578.7137870855148
7073851.0	570.2363636363636
7079964.5	582.2760041194645
7086173.0	581.9537037037037
7089795.5	491.1111111111111
7092804.0	577.5205479452055
7098391.5	559.4111111111112
7104559.5	578.3003875968992
7110687.5	572.0684803001876
7116228.5	590.9195530726257
7119241.0	554.6375
7122884.0	582.6652763295099
7129042.0	580.9321503131524
7135081.0	579.4277828886844
7141147.5	585.4430147058823
7145703.0	596.1382799325464
7148641.0	570.8937093275488
7153055.0	567.7754114230397
7159017.0	572.2746268656716
7164934.5	575.5855263157895
7170814.0	557.8954954954955
7174720.0	582.0652173913044
7177631.5	569.2467248908297
7182492.5	558.2183908045977
7188418.5	575.8877118644068
7194325.5	535.7901785714286
7200225.5	578.5692541856926
7203695.0	565.8571428571429
7206594.0	571.4643261608154
7212015.5	569.6124109867752
7217911.5	569.0288744843842
7223711.5	558.9963689179375
7229496.5	569.8092672413793
7232512.5	634.1739130434783
7235347.5	578.1876832844575
7240929.0	572.8696629213483
7246625.5	567.2304964539007
7252277.0	589.4760312151617
7258121.0	566.2653239929947
7261147.5	0.0
7263969.5	586.3538461538461
7269568.5	583.9769585253456
7275154.0	577.6273809523809
7280925.0	512.2408163265306
7286755.0	578.0255281690141
7289653.0	0.0
7292498.0	573.4239526411658
7298042.0	486.10574712643677
7303584.5	580.1640625
7309167.5	584.4497663551402
7315017.5	577.0306603773585
7319160.0	561.0784313725491
7323005.5	563.9179104477612
7328514.5	582.278313253012
7334309.5	577.1864951768489
7340084.0	578.7250509164969
7344681.0	567.742671009772
7347467.5	548.0578778135048
7351126.0	573.750237416904
7356600.5	575.102847181871
7362047.0	569.1018518518518
7367497.5	573.8633603238867
7372630.0	572.2332015810276
7375351.0	404.22222222222223
7378359.0	484.73793103448276
7383896.5	586.9236363636363
7389526.5	579.8183807439825
7395022.0	566.0547263681592
7400435.0	568.1071428571429
7403314.0	562.4794520547945
7405993.0	580.4709748083242
7411150.0	582.4788732394367
7416459.5	572.014450867052
7421809.0	555.4620622568093
7427220.5	576.9569160997733
7430951.5	580.5396825396825
7433585.5	574.2923076923076
7437923.5	567.5668393782383
7443314.5	581.8823529411765
7448613.5	598.5139442231076
7453901.0	559.3498942917547
7458501.5	602.9656992084433
7461137.5	546.5066666666667
7464457.0	571.8282275711159
7469710.0	546.2372881355932
7474938.5	550.1076923076923
7480778.5	590.8110638297873
7486468.0	581.1739130434783
7489100.0	0.0
7491886.5	531.2131147540983
7497087.0	584.9929824561403
7502277.5	586.7741147741148
7507477.0	574.1982633863965
7512669.5	585.879202988792
7516332.5	580.3868421052632
7518949.5	570.9480519480519
7523225.0	573.9958677685951
7528597.0	571.3634053367217
7533832.0	578.0872340425532
7539000.5	570.6792079207921
7543727.5	574.2980769230769
7546306.5	494.2950819672131
7549360.5	565.7024221453287
7554539.0	571.8603465851172
7559638.5	572.0587529976019
7564749.5	515.3473315835521
7569874.0	550.8561643835617
7573391.0	558.0388349514564
7576232.0	507.71057513914656
7580656.5	575.0914419695193
7585738.0	582.7657657657658
7590849.5	576.7975460122699
7595941.0	584.4784946236559
7600642.5	590.1776103336921
7603246.5	506.7857142857143
7606177.0	592.566265060241
7611224.0	582.022636484687
7616251.0	572.4041666666667
7621248.0	543.7542857142857
7626395.0	608.4068224889451
7630167.5	566.9619047619047
7632655.5	577.5238095238095
7636554.5	577.2161290322581
7642243.5	557.5778761061947
7647922.0	558.890625
7652943.5	583.3937947494034
7657603.5	582.3484162895927
7660083.5	397.15
7662898.5	576.683908045977
7667907.5	579.4543297746145
7672879.0	573.3481481481482
7677927.5	545.8639455782313
7682998.0	508.24285714285713
7686870.0	569.8218029350105
7689353.5	552.3675496688742
7692913.5	575.8022759601707
7697817.5	574.866485013624
7702705.0	544.3235294117648
7707570.5	511.4878048780488
7712419.0	526.822695035461
7715784.0	575.7542168674698
7718208.5	557.381404174573
7722111.0	549.8955223880597
7726954.0	581.7223650385604
7731812.0	579.2975970425139
7736636.0	548.009009009009
7741444.5	575.5921052631579
7744532.0	578.3777777777777
7746997.5	596.5525040387722
7751334.0	571.4715025906736
7756385.5	561.4182509505704
7761298.0	563.0091463414634
7766097.5	564.6570397111914
7770883.5	580.8835978835979
7773473.0	593.0909090909091
7775833.0	586.4859813084112
7780370.5	582.6683673469388
7785221.5	574.7930107526881
7790034.0	583.2165354330708
7795469.0	569.6398305084746
7800356.5	527.3277310924369
7802695.0	515.24
7805617.0	590.2446808510638
7810404.0	581.9519359145528
7815187.5	577.6869158878504
7820021.0	550.8474226804124
7824800.5	568.6699889258028
7828873.0	497.4594594594595
7831166.5	452.8333333333333
7834011.5	581.3823178016727
7838614.0	569.765228426396
7843247.5	550.6351791530944
7848908.5	557.1370851370851
7854519.0	568.1051912568306
7857952.0	580.5677570093458
7860223.5	563.5586592178771
7863758.0	567.0453955901427
7868433.5	564.1738066095471
7873082.0	576.8361445783132
7877723.0	581.854714064915
7882317.5	578.9586206896552
7886115.5	580.8834586466165
7888377.5	543.9547738693467
7891441.0	571.5412311265969
7895938.0	529.6814159292036
7900456.5	577.6397608370703
7905041.5	582.9173290937997
7909597.5	577.3265027322404
7913951.0	573.3792452830189
7916199.0	0.0
7918580.0	581.7763157894736
7923052.5	565.7459978655282
7927604.5	575.59875
7932143.0	566.570652173913
7936592.0	574.8646748681898
7941073.0	588.5547550432277
7943928.5	630.379746835443
7946131.5	563.622754491018
7949928.0	552.489932885906
7954400.5	577.7032810271041
7958871.0	556.6666666666666
7963262.5	572.823754789272
7967694.5	550.4357142857143
7971462.0	575.9651898734177
7973651.0	537.8591549295775
7976710.0	592.4562913907284
7981437.0	602.6025104602511
7985936.0	581.5317258883249
7990281.5	556.7551020408164
7994672.0	538.5065274151436
7999056.5	576.55
8001345.5	587.6478873239437
8003615.0	562.031746031746
8007917.0	577.1208333333333
8012261.5	511.4488262910798
8016576.5	581.185878962536
8020840.5	577.6315789473684
8025089.0	584.5645805592543
8028578.5	571.5100401606426
8030761.5	544.5826330532213
8033657.0	588.0706319702603
8037928.5	571.0430504305043
8042173.0	560.5911413969336
8046383.5	572.4766558089034
8050591.0	562.7515723270441
8054741.5	556.4415094339622
8057631.5	567.6862745098039
8059682.5	585.433962264151
8063158.5	565.7409090909091
8067425.0	561.9278350515464
8071572.0	535.1705607476636
8075896.5	584.1741214057508
8080165.5	578.4606060606061
8084239.0	431.22131147540983
8086584.5	559.2068965517242
8088618.5	582.9917808219178
8092391.0	571.5518867924528
8096546.5	588.0457063711912
8100685.5	567.8339222614841
8104761.0	567.7681388012618
8108797.0	577.7859922178989
8112952.5	594.3098159509202
8115242.5	583.1891891891892
8117266.0	577.5386266094421
8121195.0	585.0236753100338
8125213.5	569.832
8129157.0	568.8232931726908
8133127.5	563.4135702746365
8137120.0	564.4262948207171
8141069.0	572.6714285714286
8143441.5	587.1616161616162
8145559.5	592.9394618834081
8149257.5	563.8101761252447
8153271.5	562.6378737541528
8157254.5	581.9869281045752
8161170.5	575.1077235772358
8165081.0	562.8051948051948
8168982.5	554.9777777777778
8171628.5	593.6300366300367
8173587.5	577.2833723653396
8176782.0	575.0820668693009
8180654.0	585.8748201438849
8184540.0	542.9377593360996
8188411.0	571.4048991354467
8192346.0	560.1328125
8196322.0	574.443661971831
8199544.0	542.2912621359224
8201467.5	529.3457943925233
8204072.5	582.4503816793894
8207920.0	495.04545454545456
8211754.0	574.8806201550387
8215596.5	560.9227053140097
8220295.5	568.3796641791045
8225072.5	583.69384359401
8228172.0	554.3206896551724
8230071.0	540.3783783783783
8232747.0	570.6355932203389
8236529.5	561.4992679355784
8240326.5	567.9640371229698
8244130.0	580.2233009708738
8248153.5	581.0124378109452
8252146.0	575.1005025125628
8255887.0	588.1992831541219
8257922.0	322.0
8259972.0	527.4099099099099
8263744.5	594.2850678733032
8267584.0	585.2820855614973
8271424.0	569.2359550561798
8275171.0	553.0366972477065
8278891.0	565.8555194805194
8282641.5	569.0445859872611
8285375.0	482.49333333333334
8287215.5	503.55882352941177
8290076.5	598.0538116591928
8293894.0	575.1920529801324
8297691.5	564.2727272727273
8301375.5	591.3150492264416
8305038.5	556.9624060150376
8308726.5	558.5688225538972
8312433.5	578.9193548387096
8314491.5	579.765625
8316316.0	568.1617900172117
8319788.0	545.446511627907
8323599.5	583.862660944206
8327370.0	580.099358974359
8330998.0	462.6511627906977
8335038.5	564.5747938751472
8339138.0	563.4566666666667
8342092.5	576.6533742331288
8343906.0	568.6818181818181
8346441.0	535.5897435897435
8350049.0	559.6331658291457
8353658.5	579.356862745098
8357275.5	581.452
8360973.0	602.3031522468142
8364663.0	572.6101694915254
8368302.5	572.5325342465753
8370894.5	583.1581027667984
8372706.5	569.4907063197026
8375587.0	576.8020134228188
8379207.5	530.95
8382786.5	574.6723484848485
8386472.0	584.2
8390153.0	574.1282051282051
8393693.5	549.8602150537635
8397257.5	578.7266666666667
8399592.5	601.8965517241379
8401374.5	536.6447368421053
8404370.0	582.171052631579
8407879.0	583.609756097561
8411397.5	569.1129271916791
8414909.0	573.2798165137615
8418410.5	571.0851063829788
8423083.0	592.2590627763042
8427305.0	580.8664921465969
8429051.5	489.5
8431332.0	562.9378068739771
8434906.5	569.6334841628959
8438394.0	578.1905537459284
8441874.5	582.3033088235294
8445369.5	556.575
8448856.0	508.8
8452321.0	574.5547445255474
8455566.0	563.7379061371842
8457351.0	489.11764705882354
8459414.0	481.25773195876286
8462922.0	502.8
8466367.0	581.5898734177215
8469792.5	527.5434782608696
8473200.5	519.7567567567568
8476646.0	525.1290322580645
8480179.5	562.9394409937888
8483676.5	544.6278195488721
8485464.5	627.5
8487179.5	487.44053601340033
8490506.5	561.9309210526316
8493902.0	584.6767068273092
8497296.5	567.7402597402597
8500712.5	577.3986175115207
8504116.0	573.8578947368421
8507829.0	587.1774103659669
8511555.5	564.9038461538462
8513639.5	547.6394849785407
8515333.0	558.0267379679144
8518337.0	579.098814229249
8521730.5	586.0917107583774
8525106.0	568.5959409594096
8528462.5	564.0833333333334
8531821.0	592.9
8535279.0	584.7006920415225
8538733.0	569.9504373177842
8541455.0	562.0226537216829
8543148.0	550.433962264151
8545467.5	530.0381679389313
8548817.0	560.828947368421
8552179.5	565.1254480286739
8555534.5	516.8848167539267
8558870.5	552.6145833333334
8562224.5	556.4
8565584.0	582.2222222222222
8568912.0	532.421052631579
8570772.0	436.63157894736844
8572436.0	530.3594771241831
8575559.5	551.4054054054054
8578893.5	583.690932311622
8582221.5	568.6193181818181
8585558.5	554.7578347578348
8588882.0	0.0
8592187.0	576.7931034482758
8595497.0	573.708229426434
8598298.0	605.7272727272727
8600004.5	469.6666666666667
8602204.5	595.1161616161617
8605489.0	516.5245098039215
8608781.0	526.9018867924528
8612073.0	553.6085972850678
8615347.5	547.7777777777778
8618616.5	543.640350877193
8621875.5	586.8378378378378
8625170.0	572.5868205868206
8627382.0	558.3311688311688
8629006.0	573.070987654321
8631718.5	581.3122448979592
8634966.5	467.70212765957444
8638222.0	584.1695760598503
8641503.0	552.6908212560387
8644749.5	546.9579831932773
8647981.5	577.9899244332494
8651202.0	560.7770961145194
8654408.5	568.6278659611993
8656211.0	561.0759493670886
8657874.0	568.25284738041
8660956.5	576.1423423423423
8664158.5	550.18359375
8667343.5	565.2340425531914
8670628.0	539.7392197125257
8673905.0	502.40140845070425
8677070.0	543.3815384615384
8680230.0	554.8111587982833
8683342.5	550.4273127753304
8684913.0	0.0
8686544.5	560.9225225225225
8689744.0	582.4962216624685
8693054.0	542.8591065292096
8696326.0	568.476386036961
8699457.0	559.8241206030151
8702595.0	566.0700218818381
8705720.5	587.6279069767442
8708822.0	584.2786885245902
8711861.5	566.0130718954248
8713424.0	0.0
8715063.0	581.6
8718221.5	511.57797270955166
8721380.0	499.0326409495549
8724489.0	567.605577689243
8727716.5	556.3670781893004
8730941.5	573.1795580110497
8734039.0	587.0475113122172
8737134.0	472.0
8740214.0	546.6117647058824
8741790.5	554.625
8743325.0	565.6944444444445
8746357.5	532.4302325581396
8749449.5	567.6756756756756
8752544.0	558.967897271268
8755626.5	579.7898550724638
8758706.5	535.1920731707318
8761768.0	565.6410256410256
8764818.0	542.2048192771084
8767877.0	578.4310344827586
8769857.5	570.6864406779661
8771379.0	559.0511363636364
8773978.5	542.9625
8777028.5	383.0
8780107.0	580.9082706766917
8783175.0	544.608552631579
8786219.0	576.6333333333333
8789257.0	566.7875647668394
8792418.5	559.4334763948498
8795575.0	562.2346570397112
8797929.0	611.5793650793651
8799464.5	519.7179487179487
8801652.0	567.26875
8804656.0	570.4711934156379
8807660.0	567.9609375
8810649.0	524.6451612903226
8813638.5	587.8816964285714
8816636.0	537.4865900383141
8819624.0	555.1507936507936
8822612.5	582.1134215500945
8825599.5	567.6179104477612
8827169.0	0.0
8828654.5	421.75
8831542.0	583.2585365853658
8834500.5	551.6
8837554.0	614.6264945002391
8840612.0	563.6403669724771
8843576.0	545.8397291196388
8846534.0	561.9419087136929
8849506.5	572.9969418960245
8852537.5	561.6283018867924
8854897.5	666.0
8856367.5	770.5
8858483.5	551.7906976744187
8861427.0	552.0738255033557
8864392.5	564.8103448275862
8867361.5	415.6923076923077
8870471.0	540.6288343558282
8873578.5	556.3856812933026
8876514.5	572.3371647509579
8879443.0	514.4489795918367
8882362.5	527.2
8884009.5	594.1111111111111
8885471.5	553.5294117647059
8888205.5	550.3009708737864
8891140.0	562.9178832116788
8894073.0	569.077380952381
8896990.5	554.1301518438178
8899899.5	518.8494623655914
8903538.5	554.9256900212314
8907189.5	482.3809523809524
8910160.0	525.7715289982425
8912170.5	564.1792452830189
8913621.5	525.9216867469879
8916020.5	577.5717948717949
8918927.5	563.1758241758242
8921829.0	589.3542319749216
8924723.0	560.290909090909
8927613.5	556.2905405405405
8930491.5	563.1071428571429
8933377.5	555.6111951588503
8936277.0	540.1316306483301
8939169.0	556.5159574468086
8940882.0	575.5730337078652
8942313.0	591.534743202417
8944906.5	585.8034188034188
8947798.5	494.0618336886994
8950684.5	574.8984198645599
8953531.0	574.9166666666666
8956427.0	549.0661375661375
8959390.5	565.7455583756346
8962311.0	561.1197822141561
8965161.0	564.9180790960452
8967993.0	582.2818791946308
8969516.0	620.3125
8970946.0	553.8341968911917
8973687.0	565.5917602996254
8976531.0	576.9092592592592
8979361.5	523.496855345912
8982175.0	546.1810344827586
8985080.5	526.5720620842573
8987984.0	585.320895522388
8990804.5	553.5731707317074
8993637.0	579.5698324022346
8996485.0	587.8763157894737
8998008.5	526.6818181818181
8999414.0	491.9375
9002127.5	531.6173913043478
9005147.5	561.7977792732166
9008164.0	596.3211678832117
9010960.5	566.6140845070422
9013782.5	572.7390029325513
9016596.5	565.5402298850574
9019382.5	527.0681818181819
9022171.5	565.2337398373984
9024960.0	507.1929824561403
9026464.5	390.25
9027855.5	571.9473684210526
9030547.5	527.6020942408377
9033393.0	582.4703925482369
9036233.0	557.5633333333334
9039028.0	559.0697211155378
9041810.5	535.3446808510638
9044584.0	579.0245901639345
9047348.0	561.4493150684932
9050123.5	540.7142857142857
9052893.5	554.7222222222222
9054661.5	578.1428571428571
9056045.5	560.9757785467128
9058418.0	549.0865979381443
9061169.0	559.0952380952381
9063917.0	513.4380165289256
9066671.0	505.53125
9069422.0	600.0679611650486
9072189.5	558.5182926829268
9074953.5	540.4827586206897
9077687.0	568.4647302904565
9080968.0	571.8317880794702
9083204.5	559.0838323353294
9084581.0	557.3165644171779
9086997.5	512.6764705882352
9089734.0	540.9814814814815
9092470.5	581.4752851711027
9095190.5	494.5903614457831
9097983.0	586.5171755725191
9100813.5	509.54782608695655
9103567.5	569.5424836601308
9106281.0	571.34375
9109005.0	586.593567251462
9111186.5	585.3063685636856
9112576.5	518.0081566068516
9114505.5	577.0436781609195
9117210.5	541.3558282208589
9119928.5	571.0
9122641.5	578.4103896103896
9125338.5	577.205035971223
9128028.5	561.8102189781022
9130707.5	539.9425287356322
9133417.0	574.4612068965517
9136145.0	562.7435897435897
9138843.5	538.6268656716418
9140330.0	606.6428571428571
9141664.5	581.0181818181818
9144188.5	587.7307692307693
9146861.5	547.1857923497267
9149533.0	541.6888888888889
9152198.5	564.7672413793103
9154863.0	571.6830601092896
9157518.0	583.7428571428571
9160230.5	574.0900140646976
9162951.0	558.4921875
9165666.0	572.8466981132076
9168000.5	566.6078431372549
9169323.5	426.6
9171072.0	565.8816326530613
9173788.0	578.4370748299319
9176451.0	591.5714285714286
9179085.5	564.2620967741935
9181727.0	572.3965517241379
9184417.0	461.9535433070866
9187119.0	538.9026217228464
9189782.0	570.7511111111111
9192421.5	562.05
9195049.0	521.2166666666667
9196892.0	577.5314285714286
9198217.5	537.3421052631579
9200319.0	584.12890625
9202953.0	560.6540755467197
9205589.0	578.218487394958
9208208.0	530.9906542056075
9210835.0	550.1083916083916
9213460.5	562.6652631578947
9216074.5	531.7189409368635
9218686.5	469.79545454545456
9221297.5	515.4285714285714
9223908.5	482.1818181818182
9225556.5	615.047619047619
9226860.0	591.6119402985074
9229125.5	564.1385642737896
9231733.5	558.5925925925926
9234343.5	543.0844875346261
9236955.0	564.3846153846154
9239561.5	549.6271186440678
9242158.0	547.6
9244754.0	527.7978723404256
9247359.0	575.0600600600601
9249954.0	570.2270531400966
9252527.5	562.6666666666666
9254092.0	528.5277777777778
9255382.5	528.84375
9257680.0	561.3469879518073
9260292.5	577.7297872340425
9262895.0	557.4117647058823
9265450.5	577.1360946745563
9268012.5	571.4703196347032
9270567.5	560.3125
9273135.0	572.6083445491251
9275746.5	599.5912408759124
9278333.0	568.091533180778
9280897.0	558.0870870870871
9282518.5	579.612676056338
9283814.5	568.460966542751
9286046.0	570.9861751152074
9288603.0	587.6198083067093
9291156.5	575.8024316109422
9293685.5	543.9376947040498
9296230.0	567.031265031265
9298773.0	550.9473314606741
9301292.5	570.75
9303812.0	556.9360613810742
9306332.5	546.2809917355372
9308846.0	594.6946778711484
9310714.0	587.0873015873016
9311974.5	561.8137254901961
9313902.0	571.7178770949721
9316427.5	538.6823529411764
9318923.5	549.250521920668
9321418.0	566.0023255813953
9323908.0	546.6868686868687
9326407.0	511.5187969924812
9328904.0	526.2233009708738
9331387.0	580.9443099273608
9333877.5	550.2842105263157
9336366.0	564.4090909090909
9338702.5	570.221635883905
9339946.0	0.0
9341332.0	569.472027972028
9343810.0	441.8
9346278.0	486.9117647058824
9348748.5	493.16190476190474
9351255.0	572.7429906542056
9353744.0	554.1694915254237
9356199.5	520.0032894736842
9358671.0	570.1079545454545
9361134.0	583.1967213114754
9363570.5	512.8841463414634
9366443.5	577.5731933292155
9368190.0	612.0178571428571
9369405.0	562.9630681818181
9371762.0	440.64406779661016
9374207.0	516.6571428571428
9376632.0	566.6460396039604
9379042.5	524.9473684210526
9381481.5	536.0263157894736
9383966.0	589.2604856512141
9386507.5	570.0664272890484
9389023.0	537.9241379310345
9391437.5	556.08
9393831.5	578.6699029126214
9395892.0	539.0536912751678
9397094.5	474.8076923076923
9398637.0	578.1369193154035
9401021.5	547.3802816901408
9403406.5	579.6214689265537
9405795.5	559.145390070922
9408175.0	582.0362903225806
9410549.5	565.25
9412912.0	523.7540983606557
9415292.0	530.8424908424909
9417671.0	585.9090909090909
9420125.0	581.033934252386
9422603.0	549.1478664976764
9424514.5	579.5542521994134
9425690.5	462.27272727272725
9427329.0	530.2258064516129
9429734.5	553.6046511627907
9432149.0	476.55555555555554
9434500.0	569.1388888888889
9436844.0	555.8255813953489
9439225.0	561.1117478510029
9441601.5	518.2595238095238
9443936.5	574.5339233038349
9446273.5	530.1077481840193
9448607.0	0.0
9450934.5	571.7289002557545
9452901.0	565.1384083044983
9454311.0	570.9920634920635
9456082.5	597.3265306122449
9458399.5	563.6030150753769
9460711.5	521.2356020942408
9463036.0	576.5570469798657
9465372.0	554.8804664723032
9467695.0	565.535294117647
9470001.5	545.3041825095057
9472300.5	563.2843450479234
9474654.5	551.9138461538462
9477008.5	567.6613333333333
9479302.5	555.5148514851485
9481312.0	594.1985294117648
9482457.5	462.0
9483882.5	609.8205128205128
9486173.0	519.9
9488466.5	420.6521739130435
9490770.5	578.7098765432099
9493068.0	567.6502732240438
9495367.0	538.1575613618369
9497667.5	564.8516320474778
9499952.5	557.875
9502236.0	553.9175946547884
9504514.5	547.3156146179402
9506788.5	569.2
9509060.5	570.0
9510424.0	551.0
9511560.0	588.7731958762887
9513600.0	456.9154929577465
9516072.5	583.8953182535507
9518548.0	552.4
9520817.0	529.0
9523161.5	599.1432525951557
9525502.0	564.1333333333333
9527768.0	564.0732984293194
9530032.5	399.52941176470586
9532290.5	554.3571428571429
9534594.5	498.73203169213355
9536897.5	566.6578947368421
9538575.0	572.2307692307693
9539698.0	520.3333333333334
9541399.5	543.5368731563422
9543662.5	582.311345646438
9545918.0	554.8618618618618
9548162.5	581.7733333333333
9550412.0	578.4745308310992
9552653.5	507.3
9554891.0	604.7307692307693
9557132.0	567.8888888888889
9559384.0	575.795652173913
9561632.0	537.2368421052631
9563860.5	568.5238095238095
9566097.0	550.2526315789473
9567410.0	576.2
9568517.0	591.0338983050848
9570544.5	479.10967741935485
9572771.0	522.1477272727273
9574991.5	569.5539358600583
9577216.5	551.4539877300614
9579441.5	537.0583941605839
9581655.0	570.2084592145015
9583868.0	559.0
9586081.0	551.043352601156
9588290.5	537.36
9590513.0	579.4388888888889
9592729.0	601.2254901960785
9594914.5	406.25
9596040.5	511.6
9597133.0	582.3928571428571
9599285.0	568.789644012945
9601544.0	508.29740518962075
9603815.5	707.0505617977528
9606011.0	467.56390977443607
9608192.0	577.3518518518518
9610381.0	564.64
9612564.5	530.2574257425742
9614739.5	553.4658385093168
9616945.5	589.6184210526316
9619144.5	475.8
9621363.0	553.0098039215686
9623525.5	579.0964467005076
9624609.0	0.0
9625751.0	568.4782608695652
9627930.0	557.1966292134831
9630140.5	553.1021671826626
9632335.0	527.8958333333334
9634505.5	556.7598784194529
9636780.5	556.3119834710744
9639039.5	570.2413793103449
9641207.0	582.4338461538462
9643373.5	553.2803738317757
9645530.5	534.7115384615385
9647687.0	556.9017857142857
9649849.0	559.4468085106383
9651981.5	583.6342857142857
9653058.5	0.0
9654160.0	593.2435897435897
9656297.0	478.25
9658468.0	543.9234693877551
9660644.5	509.83984375
9662790.0	534.3775510204082
9664927.5	550.7619047619048
9667057.5	531.4938271604939
9669185.0	598.5942028985507
9671306.0	567.7719298245614
9673744.0	558.6528610354223
9676186.0	542.7380952380952
9678313.0	483.50892857142856
9680439.5	569.4716981132076
9681512.0	0.0
9682614.5	565.0744186046512
9684765.0	584.37
9686875.0	545.0
9688987.5	586.4897959183673
9691129.0	576.3237410071943
9693265.5	562.6168831168832
9695383.0	562.468137254902
9697506.5	626.4776785714286
9699648.5	585.3653250773993
9701775.0	568.635838150289
9703868.0	561.1987951807229
9705964.0	554.3589743589744
9708060.0	599.4878048780488
9709540.5	483.8876404494382
9710581.5	544.1576923076923
9712227.0	547.0769230769231
9714317.0	564.2296650717703
9716412.5	529.8888888888889
9718528.0	547.2298136645962
9720634.5	581.785
9722706.0	559.4714285714285
9724777.0	591.4772727272727
9727350.0	552.0630861040069
9729921.5	584.7919708029198
9731988.0	601.2704918032787
9734052.0	547.4457831325301
9736144.0	575.3050847457627
9737827.5	608.8076923076923
9738858.5	522.0652173913044
9740304.5	536.9674556213017
9742371.0	572.5263157894736
9744431.5	565.1717791411043
9746498.5	433.1707317073171
9748562.0	585.9473684210526
9750617.0	563.8192771084338
9752667.5	524.174193548387
9754715.0	524.8
9756795.0	534.6138211382114
9758903.0	551.8566666666667
9760974.5	530.9152542372881
9763022.5	577.6798418972332
9765072.0	518.3417721518987
9766509.5	486.1666666666667
9767528.5	486.84615384615387
9769146.0	576.1
9771181.5	568.9771428571429
9773216.5	570.6511627906976
9775254.5	533.8727272727273
9777294.5	469.55
9779323.5	567.4444444444445
9781348.0	523.3055555555555
9783377.5	528.4428571428572
9785405.0	527.6666666666666
9787444.5	576.6071428571429
9789475.0	552.8672566371681
9791483.0	556.6534653465346
9793500.5	419.73809523809524
9794955.5	600.2783505154639
9795958.5	567.3717948717949
9797525.0	572.0905349794239
9799543.0	586.9867549668874
9801558.5	418.5217391304348
9803590.5	583.3321554770318
9805615.0	404.44
9807613.0	610.816091954023
9809611.5	559.8928571428571
9811611.5	561.7945205479452
9813611.0	547.7977528089888
9815606.5	554.0625
9817600.5	499.13157894736844
9819590.0	451.188679245283
9821574.0	563.0212765957447
9823220.5	539.6933333333334
9824219.0	540.2222222222222
9825570.5	517.0021929824561
9827570.5	552.2340425531914
9829559.5	566.2466666666667
9831551.0	504.8369565217391
9833532.5	500.25
9835506.5	540.3770491803278
9837477.5	515.4230769230769
9840013.0	488.5507246376812
9842575.0	600.7260479041917
9844565.5	570.0
9846533.0	548.5746268656717
9848500.5	558.1509433962265
9850473.0	561.3215859030837
9851908.0	450.0744680851064
9852887.0	440.0
9854583.5	566.1080316742082
9856727.5	539.1796875
9858702.5	568.2297297297297
9860670.5	562.8409090909091
9862625.5	544.9056603773585
9864582.0	578.5379746835443
9866537.5	509.609756097561
9868548.5	590.1814516129032
9870561.5	516.2933333333333
9872520.5	565.4583333333334
9874475.5	625.7777777777778
9876423.0	534.4590163934427
9878366.0	459.7448979591837
9880081.0	567.0149253731344
9881049.0	0.0
9882245.5	516.2758620689655
9884195.0	572.3864406779661
9886146.0	558.574074074074
9888092.0	545.5454545454545
9890030.0	504.29787234042556
9891961.5	574.6960784313726
9893906.5	529.8154761904761
9895851.0	520.6170212765958
9897782.0	508.95327102803736
9899714.0	0.0
9901643.0	562.3050314465409
9903596.5	592.2463235294117
9905551.0	562.243842364532
9907478.0	565.5577464788732
9908870.5	0.0
9909830.0	527.0
9911321.0	500.6857142857143
9913247.5	488.4427083333333
9915213.5	584.5099866844208
9917172.5	547.8262910798122
9919086.5	496.05263157894734
9921007.5	585.9620253164557
9922936.0	554.3714285714286
9924850.0	545.448275862069
9926760.5	543.3430656934306
9928673.5	550.5770750988142
9930579.0	436.15625
9932494.5	498.55
9934404.0	449.1896551724138
9936300.0	565.0753968253969
9937512.5	595.203125
9938461.0	563.4558823529412
9940091.5	546.290909090909
9941992.5	545.1955128205128
9943911.0	565.4123408423114
9945818.0	577.3443708609271
9947706.5	545.2535211267606
9949601.0	459.2472324723247
9951493.0	537.2380952380952
9953379.0	581.6166666666667
9955269.5	551.0372670807453
9957159.5	601.7316176470588
9959065.5	523.2340425531914
9960973.5	564.3617747440273
9962860.5	585.675
9964741.0	570.75
9965965.5	603.7606837606837
9966907.5	542.3254901960785
9968505.0	537.7916666666666
9970386.5	569.7788697788698
9972267.0	525.0896551724138
9974143.0	573.1333333333333
9976020.0	463.9047619047619
9977897.5	491.90677966101697
9979770.5	569.8666666666667
9981643.0	445.05555555555554
9983513.0	539.9347826086956
9985379.0	511.3809523809524
9987249.5	531.8095238095239
9989109.5	550.0361445783133
9990993.0	523.4202586206897
9992881.5	489.6111111111111
9994267.0	615.4324324324324
9995197.5	517.3387096774194
9996592.0	557.3543543543543
9998436.0	562.1325301204819
1.00002795E7	594.7676348547718
1.00021235E7	556.9692307692308
1.00039655E7	574.8854961832061
1.0005818E7	482.69354838709677
1.0007669E7	570.463768115942
1.00095265E7	575.7466307277627
1.0011385E7	520.104
1.0013223E7	590.7922374429223
1.00150575E7	560.1824817518249
1.00176825E7	563.1561530506722
1.0020307E7	529.29375
1.0022134E7	596.7105263157895
1.0023123E7	596.0674157303371
1.00240365E7	567.8951612903226
1.0025785E7	566.7421524663677
1.00276085E7	429.4166666666667
1.00294315E7	556.0
1.0031254E7	500.5
1.00331035E7	493.4404761904762
1.0034952E7	560.3535353535353
1.00368265E7	552.0182038834952
1.0038709E7	453.67464114832535
1.0040536E7	402.3076923076923
1.00423675E7	544.6397849462365
1.0044197E7	519.6774193548387
1.0046009E7	464.6666666666667
1.00478195E7	526.4411764705883
1.00496335E7	560.3137254901961
1.00511085E7	452.6190476190476
1.00520125E7	390.1666666666667
1.00532615E7	542.1444444444444
1.00550815E7	554.4265734265734
1.0056895E7	545.2
1.0058702E7	510.375
1.00605385E7	580.7260458839406
1.00623725E7	593.4227642276422
1.0064177E7	605.1974789915967
1.00659875E7	390.8
1.0067792E7	471.582995951417
1.00696335E7	581.5704989154013
1.00714715E7	592.972
1.00732655E7	530.0422535211268
1.0075067E7	514.765625
1.0076868E7	525.3
1.0078662E7	540.6212765957447
1.00798545E7	607.7777777777778
1.0080748E7	502.3333333333333
1.0082254E7	568.6703296703297
1.00840595E7	522.3268608414239
1.00858495E7	420.11538461538464
1.00876365E7	442.0612244897959
1.00894225E7	559.6210526315789
1.0091205E7	560.8571428571429
1.0092994E7	520.4545454545455
1.0094788E7	559.1955719557195
1.009657E7	486.5
1.009835E7	496.25
1.01001535E7	578.0455764075067
1.01019515E7	485.5578947368421
1.01037235E7	560.7297297297297
1.0105492E7	559.9625
1.01072645E7	542.9590643274854
1.0108389E7	490.0
1.01092765E7	420.1111111111111
1.0110818E7	571.0293663060278
1.01125955E7	594.474358974359
1.01143655E7	489.04761904761904
1.01161335E7	567.0926829268293
1.011794E7	636.7740232312566
1.01197415E7	523.4745762711865
1.0121513E7	526.5493827160494
1.01232845E7	534.2068965517242
1.0125046E7	565.0452488687782
1.0126807E7	472.0840336134454
1.0128568E7	553.6006493506494
1.0130326E7	518.0857142857143
1.0132083E7	523.2787610619469
1.013384E7	495.7916666666667
1.01355985E7	535.2417582417582
1.01367905E7	612.75
1.01376665E7	582.7777777777778
1.01391065E7	568.7088607594936
1.01408605E7	542.8375
1.0142618E7	599.5953565505804
1.0144369E7	577.7009345794393
1.01461235E7	507.55263157894734
1.0147884E7	525.0509803921568
1.01496375E7	552.1858108108108
1.01513815E7	540.3230769230769
1.0153121E7	522.0526315789474
1.0154858E7	584.9473684210526
1.0156591E7	575.421052631579
1.0158326E7	561.6966292134831
1.01600725E7	528.1481481481482
1.01618135E7	531.7935483870967
1.01635435E7	569.8830188679245
1.01649925E7	575.6182795698925
1.01658715E7	471.53846153846155
1.01670285E7	543.8449612403101
1.0168752E7	558.5864978902954
1.01704745E7	501.4186046511628
1.0172201E7	402.972
1.01739255E7	584.0704225352113
1.01756445E7	501.9433962264151
1.0177364E7	561.6098360655737
1.01790805E7	484.7307692307692
1.01808105E7	562.3945578231293
1.018254E7	496.73333333333335
1.0184255E7	491.6041666666667
1.01859705E7	553.6909871244635
1.0187693E7	548.6126126126126
1.01894235E7	572.774
1.01911595E7	522.4613356766257
1.0192886E7	387.0
1.01938965E7	638.9166666666666
1.0194753E7	510.72
1.01963135E7	483.2758620689655
1.0198026E7	447.8421052631579
1.01997765E7	569.3846153846154
1.02015295E7	553.8913857677902
1.02032365E7	634.5384615384615
1.02049435E7	583.3523809523809
1.02066555E7	558.570796460177
1.0208359E7	486.0
1.0210065E7	514.179347826087
1.0211772E7	560.7880794701987
1.02134735E7	551.2903225806451
1.0215176E7	577.6349206349206
1.0216872E7	544.3013698630137
1.02185765E7	551.8457142857143
1.02202895E7	550.495238095238
1.02218345E7	581.0542635658915
1.0222678E7	0.0
1.0223673E7	520.3244444444445
1.0225361E7	574.1904761904761
1.02270595E7	497.5633802816901
1.02287575E7	522.6534446764092
1.0230445E7	542.9736842105264
1.0232132E7	555.3254716981132
1.02338175E7	549.8267477203648
1.02354985E7	566.4545454545455
1.02371755E7	503.8805970149254
1.0238847E7	536.0769230769231
1.02405195E7	580.1753246753246
1.0242194E7	595.0227272727273
1.02438685E7	601.3
1.02455395E7	536.8421052631579
1.024721E7	572.2754491017964
1.0248882E7	504.6842105263158
1.02503585E7	555.6590909090909
1.02511925E7	335.0
1.0252221E7	548.6461538461539
1.0253889E7	498.57142857142856
1.0255556E7	541.5677419354839
1.0257239E7	557.5435684647302
1.0258918E7	494.45454545454544
1.026058E7	384.1666666666667
1.02622435E7	576.2942779291553
1.02639075E7	589.3888888888889
1.02655685E7	499.35593220338984
1.02672335E7	548.7115384615385
1.02689E7	0.0
1.0270558E7	524.1239669421487
1.0272211E7	533.0120481927711
1.0273864E7	514.5502958579882
1.0275517E7	612.0
1.02771665E7	541.0
1.02787325E7	558.5266990291262
1.0279563E7	0.0
1.0280474E7	545.4878048780488
1.0282121E7	585.0072463768116
1.0283767E7	555.65
1.0285418E7	557.8557692307693
1.02870695E7	564.3364055299539
1.02887135E7	575.6806722689075
1.0290357E7	549.7673469387755
1.0292014E7	530.612676056338
1.02936685E7	520.2307692307693
1.02953165E7	547.2107843137255
1.02969645E7	516.1538461538462
1.0298604E7	557.9230769230769
1.0300241E7	558.506329113924
1.03018755E7	511.48837209302326
1.0303521E7	531.9353970390309
1.0305164E7	575.0
1.0306795E7	565.5
1.0307781E7	562.1068702290077
1.03086035E7	522.6144578313254
1.0310072E7	552.670731707317
1.0311702E7	549.4810126582279
1.0313329E7	545.3456790123457
1.03149525E7	601.25
1.03165755E7	581.8214285714286
1.03181985E7	543.9217391304347
1.03198275E7	551.2820512820513
1.0321456E7	539.7843137254902
1.03230825E7	461.6803278688525
1.0324707E7	517.8780487804878
1.0326323E7	612.2870370370371
1.03279395E7	550.9198113207547
1.03295555E7	510.2549019607843
1.033118E7	504.62721893491124
1.03328055E7	498.16883116883116
1.03344195E7	503.26881720430106
1.03358255E7	532.7793427230047
1.0336631E7	351.0
1.033764E7	477.18518518518516
1.0339248E7	389.5
1.03408845E7	523.2159340659341
1.03425225E7	536.0727272727273
1.03441315E7	561.0483870967741
1.03457365E7	556.6666666666666
1.034734E7	425.2105263157895
1.0348944E7	578.361581920904
1.0350554E7	529.0178571428571
1.0352174E7	497.95
1.0353788E7	492.5
1.03553905E7	569.1367924528302
1.03570735E7	572.3576017130621
1.03587565E7	544.6313725490196
1.03603565E7	579.2
1.0361954E7	499.94736842105266
1.0363553E7	582.1957671957672
1.0364627E7	578.1363636363636
1.0365427E7	526.9459459459459
1.03667505E7	546.622641509434
1.03683445E7	353.02272727272725
1.0369938E7	595.8863636363636
1.0371529E7	552.5086705202312
1.03731165E7	538.0952380952381
1.037471E7	371.0566037735849
1.03763145E7	633.9935064935065
1.03779115E7	533.0222222222222
1.03794985E7	489.24444444444447
1.038111E7	574.116
1.0382727E7	553.624
1.0384318E7	559.6060606060606
1.03859005E7	568.4270833333334
1.03874815E7	522.0333333333333
1.03890615E7	664.0
1.03906685E7	557.464
1.03922765E7	566.677494199536
1.03932215E7	508.5
1.03940125E7	540.8181818181819
1.03954395E7	516.8941176470588
1.0397019E7	533.1630695443645
1.03985945E7	405.94117647058823
1.040017E7	546.7469879518072
1.0401748E7	523.5833333333334
1.04033255E7	476.10526315789474
1.04049005E7	500.84
1.04064905E7	534.5
1.04080805E7	566.7209302325581
1.04096535E7	559.5855263157895
1.04112305E7	501.02222222222224
1.04128155E7	570.7767295597484
1.04143955E7	513.3882352941176
1.0415965E7	466.82142857142856
1.0417534E7	507.6818181818182
1.04191005E7	520.9032258064516
1.04206675E7	534.7903225806451
1.04216515E7	551.3157894736842
1.04224345E7	490.83561643835617
1.04238E7	583.7692307692307
1.04253625E7	606.3846153846154
1.0427338E7	561.9901960784314
1.04293175E7	538.3379970544919
1.04308835E7	481.4583333333333
1.0432444E7	543.4285714285714
1.0434016E7	569.7887931034483
1.0435588E7	435.25
1.0437149E7	540.4097222222222
1.0438709E7	500.05454545454546
1.0440266E7	575.4
1.04418225E7	487.0681818181818
1.0443378E7	555.439024390244
1.0444934E7	551.2655737704918
1.04464975E7	542.0825892857143
1.0448059E7	529.4338624338625
1.04495805E7	474.12820512820514
1.0450359E7	0.0
1.0451168E7	514.1789473684211
1.04527415E7	574.6958041958042
1.0454316E7	552.1769911504425
1.04558675E7	539.4809160305343
1.04574175E7	463.0
1.0458993E7	562.5
1.0460567E7	560.8709677419355
1.0462115E7	517.5454545454545
1.0463661E7	545.0519480519481
1.0465204E7	547.7037037037037
1.04667465E7	546.5446428571429
1.0468292E7	341.75
1.04698355E7	624.3333333333334
1.0471374E7	521.8205128205128
1.04729145E7	563.9938271604939
1.04744575E7	549.5254901960784
1.04759995E7	555.9664804469273
1.04775375E7	510.3333333333333
1.0478553E7	665.7142857142857
1.04793215E7	495.6
1.04806285E7	573.5618374558304
1.04821935E7	644.6454293628809
1.0483741E7	560.7677419354839
1.04852935E7	542.8338341346154
1.04868435E7	448.9310344827586
1.04883765E7	562.8524590163935
1.04899125E7	549.036809815951
1.04914475E7	464.0
1.0492975E7	531.4044943820224
1.04945105E7	538.7564575645756
1.04960525E7	584.2173913043479
1.0497582E7	569.2205882352941
1.0499102E7	525.2058823529412
1.05006225E7	580.8716577540107
1.05021495E7	557.9006211180124
1.05036765E7	554.0705394190871
1.05051995E7	526.0157068062828
1.0506618E7	568.6271186440678
1.0507376E7	0.0
1.05093175E7	563.5439330543933
1.05119165E7	542.4038461538462
1.05134325E7	553.7692307692307
1.0514953E7	533.1065573770492
1.0516476E7	551.4076086956521
1.0517994E7	525.75
1.0519507E7	459.8727272727273
1.05210165E7	543.2931034482758
1.0522524E7	574.4358974358975
1.0524041E7	557.878453038674
1.05255575E7	561.8409090909091
1.0527066E7	537.89
1.0528574E7	464.9655172413793
1.0530082E7	515.3802816901408
1.0531619E7	581.948748510131
1.05331605E7	535.2881355932203
1.0534672E7	434.7692307692308
1.0535587E7	578.6666666666666
1.05363385E7	555.2083333333334
1.05376785E7	559.7768595041322
1.05391795E7	501.64
1.0540677E7	548.578947368421
1.05421795E7	529.7350427350427
1.0543681E7	531.7614213197969
1.054518E7	527.4234042553192
1.05466765E7	647.8837209302326
1.0548171E7	549.3333333333334
1.0549665E7	553.75
1.05511535E7	558.5416666666666
1.0552641E7	0.0
1.05541275E7	557.3461538461538
1.0555617E7	565.3883495145631
1.05571155E7	584.1504424778761
1.055861E7	506.97435897435895
1.05600945E7	564.8217821782179
1.0561577E7	461.59090909090907
1.0563073E7	570.1896551724138
1.0564027E7	576.5581395348837
1.056481E7	513.7835051546392
1.05661415E7	509.65917602996257
1.0567627E7	622.0
1.05691055E7	537.3333333333334
1.05705895E7	561.934328358209
1.05720715E7	543.5
1.05735485E7	582.8965517241379
1.057503E7	545.8846153846154
1.0576514E7	583.7583643122676
1.0577991E7	503.2631578947368
1.05794625E7	570.4912280701755
1.05809325E7	469.875
1.05824085E7	546.5737704918033
1.05838865E7	382.8333333333333
1.0585357E7	601.2018348623853
1.0586824E7	461.5892857142857
1.05882915E7	0.0
1.05897605E7	608.6542553191489
1.0591229E7	585.2265625
1.0592332E7	591.8273381294964
1.05930615E7	510.7959183673469
1.05941725E7	560.8577586206897
1.059565E7	560.3828571428571
1.059711E7	567.6085918854416
1.0598574E7	543.844262295082
1.060003E7	493.5925925925926
1.06014815E7	558.388625592417
1.0602968E7	438.55151515151516
1.06044715E7	563.5263157894736
1.06059395E7	543.9607843137255
1.060744E7	537.8720796629644
1.06089395E7	568.1643835616438
1.06103965E7	531.803738317757
1.06118535E7	495.9024390243902
1.06133045E7	538.2114882506528
1.0614754E7	430.5833333333333
1.0616201E7	577.2732558139535
1.0617662E7	514.1851851851852
1.06191205E7	556.9
1.06205095E7	566.1859296482412
1.0621247E7	0.0
1.06220425E7	654.5
1.06234875E7	538.0677966101695
1.06249355E7	509.3157894736842
1.0626384E7	549.5
1.0627826E7	546.0666666666667
1.06292705E7	573.4264705882352
1.0630715E7	563.4666666666667
1.06321535E7	523.5747126436781
1.06335925E7	550.0470588235294
1.0635031E7	540.1825396825396
1.0636466E7	563.9148936170212
1.06379005E7	513.448275862069
1.06393345E7	513.5
1.0640768E7	550.625
1.06422065E7	479.91379310344826
1.06436505E7	521.271186440678
1.0645088E7	564.9530201342282
1.06465195E7	377.63157894736844
1.064795E7	551.4126213592233
1.06491575E7	584.6881720430108
1.06498735E7	365.5
1.06508095E7	558.7636363636364
1.0652234E7	534.9787234042553
1.0653658E7	511.31481481481484
1.06550825E7	462.75308641975306
1.06565165E7	547.7319587628866
1.0657948E7	489.37254901960785
1.0659367E7	540.1818181818181
1.0660786E7	391.10746268656715
1.0662209E7	547.5021645021645
1.0663644E7	508.4042056074766
1.06650745E7	542.0
1.0666492E7	528.525
1.066793E7	550.4967320261438
1.0669369E7	519.6111111111111
1.06707915E7	559.5812274368232
1.0672212E7	619.8181818181819
1.06736285E7	543.6767676767677
1.06750405E7	546.4102564102565
1.06764465E7	418.3448275862069
1.06776375E7	557.7336683417085
1.06783435E7	360.8181818181818
1.06792815E7	499.984375
1.0680704E7	511.6875
1.0682109E7	517.0816326530612
1.0683521E7	572.2121212121212
1.06849305E7	362.0
1.0686335E7	565.1538461538462
1.06877475E7	575.7978187919463
1.0689155E7	441.1333333333333
1.06905735E7	559.2544642857143
1.06919925E7	551.2079207920792
1.06933905E7	0.0
1.0694788E7	545.8076923076923
1.06961895E7	545.1634877384196
1.06975975E7	496.1216931216931
1.06990405E7	639.4667571234735
1.07004885E7	536.9574468085107
1.0701899E7	530.2597402597403
1.0703294E7	561.5527426160338
1.07046835E7	545.936170212766
1.0705989E7	555.2133333333334
1.07066865E7	0.0
1.07074665E7	459.14285714285717
1.0708858E7	569.448275862069
1.0710249E7	569.3333333333334
1.07116375E7	491.4219653179191
1.07132055E7	577.7212249208026
1.0714772E7	543.8022388059702
1.07161585E7	548.34375
1.0717542E7	554.1666666666666
1.0718923E7	388.6666666666667
1.0720305E7	510.41975308641975
1.07216925E7	585.7866666666666
1.07230785E7	571.0238095238095
1.07244575E7	532.5
1.0725834E7	413.5
1.07272125E7	546.7675438596491
1.072859E7	563.7795275590552
1.0729967E7	536.672619047619
1.073167E7	595.0092592592592
1.0733368E7	498.63157894736844
1.07345645E7	526.6296296296297
1.0735252E7	0.0
1.0736113E7	539.1075268817204
1.07374815E7	387.6666666666667
1.0738852E7	540.6546052631579
1.07402285E7	500.0486111111111
1.07416025E7	518.8962025316456
1.07429855E7	593.4322916666666
1.07443665E7	484.25
1.0745732E7	473.6666666666667
1.07471055E7	552.7407407407408
1.0748478E7	480.0
1.07498445E7	482.12720848056534
1.0751205E7	533.3548387096774
1.07525645E7	520.7551020408164
1.07539295E7	485.69058295964123
1.07553225E7	495.274011299435
1.07567175E7	540.2047477744807
1.07580775E7	543.4857142857143
1.07594295E7	529.3098591549295
1.07607785E7	0.0
1.076213E7	492.2307692307692
1.07631795E7	555.2222222222222
1.0763851E7	371.6666666666667
1.07648235E7	542.0841121495328
1.076618E7	540.5331125827814
1.0767539E7	532.4751773049645
1.0768884E7	436.0
1.0770224E7	570.8064516129032
1.0771563E7	517.8125
1.07729015E7	556.9555555555555
1.0774246E7	560.5555555555555
1.07755895E7	362.8888888888889
1.0776925E7	475.28
1.07782595E7	446.57142857142856
1.077961E7	480.42753623188406
1.07809635E7	545.0566037735849
1.07822995E7	566.8845553822152
1.07836335E7	464.6793893129771
1.07849685E7	553.0071942446043
1.0786301E7	492.73333333333335
1.0787632E7	477.42857142857144
1.07889615E7	473.5
1.07902905E7	565.831081081081
1.07914905E7	564.7430167597765
1.0792157E7	0.0
1.0792957E7	552.6489547038327
1.07942905E7	525.344262295082
1.0795618E7	516.5045045045046
1.0796943E7	452.1714285714286
1.0798267E7	547.1904761904761
1.07995875E7	323.0
1.08009065E7	559.5555555555555
1.08022255E7	563.2105263157895
1.08035435E7	561.2394366197183
1.08048715E7	566.8648648648649
1.08062615E7	575.8397790055249
1.08076395E7	541.6540880503145
1.0808954E7	526.6577181208054
1.0810267E7	570.3529411764706
1.08115905E7	501.5763888888889
1.0812913E7	397.1333333333333
1.08142265E7	488.4153846153846
1.081554E7	526.829268292683
1.08168475E7	569.0143884892086
1.0818156E7	547.6394557823129
1.08194635E7	546.8333333333334
1.0820308E7	546.7739726027397
1.0821017E7	544.6065573770492
1.08222055E7	560.6404494382023
1.08235385E7	578.2545248868778
1.0824851E7	541.0887096774194
1.0826157E7	570.3
1.08274625E7	540.2586206896551
1.0828766E7	550.6231884057971
1.0830069E7	559.4594594594595
1.0831382E7	539.138418079096
1.08326935E7	560.7714285714286
1.08339915E7	589.9285714285714
1.08352895E7	476.8125
1.0836589E7	518.6196319018405
1.0837886E7	531.612676056338
1.08391775E7	521.7977528089888
1.08407285E7	556.6298076923077
1.0842296E7	572.9352459016393
1.0843608E7	556.1837837837838
1.0844902E7	523.2527472527472
1.0846191E7	574.9102564102565
1.08474785E7	483.51162790697674
1.0848548E7	629.3142857142857
1.0849191E7	0.0
1.0850047E7	596.530612244898
1.0851328E7	533.3888888888889
1.08526085E7	576.2592592592592
1.0853888E7	523.4489795918367
1.08551665E7	408.6666666666667
1.0856455E7	554.1758793969849
1.08577405E7	543.3636363636364
1.08590225E7	501.13978494623655
1.0860307E7	521.1184210526316
1.08615805E7	496.15
1.08628525E7	487.2478632478632
1.0864125E7	630.3333333333334
1.0865395E7	423.6666666666667
1.0866668E7	553.672619047619
1.08680085E7	554.5649038461538
1.08693455E7	512.0344827586207
1.08706125E7	471.27272727272725
1.08718795E7	526.7299270072992
1.0873158E7	516.2758620689655
1.0874436E7	567.25
1.08757065E7	540.7777777777778
1.08768965E7	446.6
1.0877525E7	0.0
1.08782325E7	382.19354838709677
1.0879496E7	610.8333333333334
1.08807695E7	582.049645390071
1.08820405E7	466.68
1.08833E7	570.7586206896551
1.0884559E7	518.9285714285714
1.08858135E7	460.89473684210526
1.08870675E7	548.3523809523809
1.08883895E7	512.5238918918919
1.08897115E7	559.2121212121212
1.08909675E7	579.6323529411765
1.0892221E7	506.11764705882354
1.08934775E7	511.13513513513516
1.08947335E7	564.2222222222222
1.08959815E7	583.5
1.08972315E7	537.0288461538462
1.08984815E7	556.9808917197453
1.08997305E7	508.97969543147207
1.09009775E7	514.6147540983607
1.0902221E7	537.4594594594595
1.09034705E7	543.6493506493506
1.0904721E7	552.53125
1.09056345E7	547.7708333333334
1.09062555E7	413.9
1.0907561E7	557.7253886010362
1.09091575E7	0.0
1.0910419E7	580.1725642268541
1.09116805E7	572.6818181818181
1.09129215E7	561.1481481481482
1.09141905E7	523.7832167832167
1.0915455E7	450.3939393939394
1.0916695E7	525.3313180169287
1.0917938E7	435.991452991453
1.0919172E7	537.6612903225806
1.09204025E7	433.8
1.09216405E7	504.8837209302326
1.0922886E7	564.5397111913358
1.0924703E7	587.1659785301404
1.0926512E7	545.7941176470588
1.0927745E7	554.243602865916
1.0928979E7	474.53225806451616
1.09302085E7	437.5
1.0931435E7	506.5
1.0932702E7	616.1009918845807
1.09338785E7	542.468253968254
1.09344905E7	0.0
1.09351915E7	565.8832116788321
1.09364125E7	499.4
1.09376325E7	547.2828947368421
1.0938852E7	572.8947368421053
1.094007E7	0.0
1.09412865E7	543.6666666666666
1.09425025E7	533.4545454545455
1.0943718E7	529.4166666666666
1.0944941E7	551.031007751938
1.09461675E7	503.02259887005647
1.09473865E7	566.7717391304348
1.09486125E7	566.5934065934066
1.0949838E7	569.5189873417721
1.09510525E7	561.4571428571429
1.0952266E7	529.4242424242424
1.0953488E7	545.2127659574468
1.09547105E7	531.5178571428571
1.0955933E7	534.679012345679
1.0957156E7	524.5094339622641
1.09583725E7	568.3533697632058
1.0959586E7	0.0
1.09607965E7	495.53980099502485
1.09620075E7	533.5069444444445
1.0962744E7	608.0370370370371
1.09633475E7	526.6818181818181
1.0964427E7	548.1513513513513
1.0965638E7	547.24
1.0966846E7	545.9009287925696
1.0968054E7	522.7846153846153
1.09692615E7	542.8599221789883
1.0970471E7	536.8930041152263
1.097168E7	403.0882352941176
1.09728865E7	508.94117647058823
1.0974093E7	525.0641025641025
1.09752995E7	506.14942528735634
1.09765045E7	522.3166666666667
1.0977708E7	518.4
1.0978911E7	520.4875
1.09801155E7	472.8285714285714
1.09813185E7	508.05882352941177
1.098252E7	515.7008928571429
1.0983723E7	557.7821782178218
1.09849245E7	456.1111111111111
1.09861255E7	567.2018348623853
1.09873335E7	557.3042132825518
1.0988541E7	552.5927835051547
1.09897425E7	568.6730769230769
1.0990847E7	515.9827586206897
1.09914465E7	0.0
1.0992141E7	598.4230769230769
1.0993339E7	501.4868421052632
1.09945385E7	496.05263157894734
1.0995737E7	423.5
1.0996933E7	327.6
1.0998128E7	503.5967741935484
1.09993525E7	526.2140221402213
1.1000576E7	545.1084337349398
1.10018065E7	661.55
1.10030385E7	553.6516129032258
1.10042385E7	548.7348484848485
1.1005438E7	507.5
1.10066315E7	506.0
1.1007822E7	535.1509433962265
1.1009016E7	549.1926605504588
1.101021E7	595.1428571428571
1.1011398E7	523.1666666666666
1.1012588E7	495.5191256830601
1.1013777E7	544.6666666666666
1.1015125E7	528.9320987654321
1.10164735E7	451.3333333333333
1.10176595E7	0.0
1.1018845E7	521.6666666666666
1.10196315E7	601.1323529411765
1.1020224E7	456.8333333333333
1.1021214E7	511.4901960784314
1.1022416E7	611.2092555331992
1.10236165E7	453.75
1.1024799E7	550.2829268292683
1.1025983E7	460.5192307692308
1.10271635E7	520.0
1.10283415E7	480.27272727272725
1.1029519E7	418.6875
1.1030697E7	583.7234042553191
1.1031878E7	524.969696969697
1.1033057E7	610.4444444444445
1.1034232E7	501.0
1.1035407E7	538.1111111111111
1.10365835E7	557.9865470852018
1.10377685E7	563.3295454545455
1.10389515E7	537.9772727272727
1.10401355E7	528.7461430575036
1.10413235E7	450.9186991869919
1.10425075E7	566.3034749034749
1.10436845E7	554.7111111111111
1.10448545E7	506.2108843537415
1.1046026E7	490.72748815165875
1.1047192E7	539.203125
1.10480365E7	532.3793103448276
1.10486165E7	413.42857142857144
1.1049512E7	568.2105263157895
1.10506705E7	396.0
1.1051829E7	523.025641025641
1.1052989E7	556.288
1.1054157E7	491.21191135734074
1.1055324E7	545.0431034482758
1.1056481E7	530.925925925926
1.10576355E7	493.225
1.1058792E7	505.4025974025974
1.1059949E7	398.63157894736844
1.1061102E7	374.2
1.10622595E7	509.7684210526316
1.10634155E7	522.4285714285714
1.10645655E7	510.64285714285717
1.1065715E7	513.5
1.10668635E7	474.22816901408453
1.10680295E7	577.9850746268656
1.1069194E7	572.2076923076924
1.10703515E7	538.18125
1.1071509E7	525.1165048543689
1.10726555E7	553.1515151515151
1.1073806E7	522.9428571428572
1.1074957E7	547.7008196721312
1.1076101E7	411.75
1.10767235E7	521.4599236641221
1.1077309E7	461.7181818181818
1.1078415E7	490.0
1.1079557E7	481.2
1.1080698E7	550.848
1.1081839E7	532.863309352518
1.1082978E7	498.3529411764706
1.1084122E7	529.2
1.10852655E7	525.9047619047619
1.10864065E7	486.4923076923077
1.1087549E7	450.45454545454544
1.10886885E7	555.4285714285714
1.1089825E7	556.7387387387388
1.10909595E7	328.0
1.10920935E7	536.0621118012423
1.10932265E7	571.0
1.10943585E7	540.5272727272727
1.10955415E7	579.6
1.109673E7	529.5569620253165
1.10978675E7	474.4099099099099
1.1099003E7	438.34814814814814
1.1100137E7	673.0
1.11012675E7	544.7136752136752
1.11023975E7	556.1428571428571
1.1103526E7	497.03125
1.11046705E7	536.5171026156942
1.1105565E7	411.95348837209303
1.11064435E7	494.4594594594595
1.11075705E7	514.8235294117648
1.11086965E7	465.0
1.1109846E7	594.5
1.1110994E7	535.9487179487179
1.1112116E7	522.1052631578947
1.1113242E7	553.1736694677871
1.11143685E7	496.75324675324674
1.11154895E7	560.6666666666666
1.1116613E7	572.2016129032259
1.11177355E7	536.4615384615385
1.11188535E7	522.4615384615385
1.1119977E7	540.3369565217391
1.11210995E7	504.88524590163934
1.1122216E7	579.8318584070796
1.1123332E7	496.2352941176471
1.11244475E7	547.6847826086956
1.11255645E7	565.7129186602871
1.1126681E7	509.11764705882354
1.1127797E7	491.584
1.11289125E7	474.175
1.11302725E7	554.0348675034868
1.1131633E7	436.2857142857143
1.1132748E7	569.5425531914893
1.11335155E7	610.2962962962963
1.11340725E7	509.6330275229358
1.11349765E7	543.6641791044776
1.113609E7	548.3013698630137
1.1137204E7	491.7241379310345
1.1138318E7	515.5
1.113943E7	385.4
1.11405425E7	525.5972222222222
1.1141656E7	521.3333333333334
1.1142778E7	501.6119402985075
1.11438985E7	546.4
1.1145008E7	505.27272727272725
1.1146115E7	462.6969696969697
1.114722E7	634.55
1.1148325E7	439.3333333333333
1.11494295E7	489.75
1.1150538E7	472.91946308724835
1.1151646E7	443.86206896551727
1.11527525E7	553.3571428571429
1.11538615E7	426.62857142857143
1.11549685E7	333.125
1.11560725E7	510.11538461538464
1.11571725E7	590.974358974359
1.115827E7	530.8429752066115
1.11593705E7	546.9716981132076
1.1160473E7	533.3177570093458
1.1161572E7	468.9259259259259
1.11621605E7	682.25
1.11627075E7	533.0952380952381
1.1163773E7	593.0786516853933
1.1164878E7	538.8061224489796
1.1165973E7	545.595041322314
1.1167068E7	545.4893617021277
1.1168171E7	510.02542372881356
1.11692795E7	604.741935483871
1.11703795E7	556.5484848484848
1.1171474E7	537.9310344827586
1.11725935E7	550.0144927536232
1.1173713E7	561.7945544554456
1.1174804E7	534.5192307692307
1.11758925E7	549.9871794871794
1.1176983E7	547.728813559322
1.11780735E7	573.1923076923077
1.1179161E7	435.1666666666667
1.11802485E7	549.248
1.11813365E7	547.4291187739464
1.11824255E7	578.5493827160494
1.1183513E7	309.0
1.11846095E7	558.4097035040431
1.11857095E7	533.804347826087
1.1186825E7	513.4225352112676
1.11879375E7	488.3921568627451
1.11890225E7	486.60714285714283
1.1190113E7	458.9381443298969
1.11906685E7	536.304347826087
1.11912105E7	520.0370370370371
1.11922865E7	556.0
1.11933695E7	524.7924528301887
1.1194454E7	525.0933333333334
1.11955385E7	537.6666666666666
1.11966215E7	444.6666666666667
1.1197703E7	308.0
1.11987835E7	522.4117647058823
1.11998715E7	549.9146757679181
1.12009595E7	0.0
1.120204E7	509.6268656716418
1.120312E7	563.0
1.12041995E7	524.6727272727272
1.12052785E7	485.3333333333333
1.12063565E7	521.6086956521739
1.12074335E7	598.0
1.120851E7	534.1891891891892
1.12095965E7	528.6836734693877
1.12106825E7	474.0147058823529
1.1211764E7	481.4793103448276
1.12128425E7	503.43971631205676
1.1213917E7	530.5714285714286
1.12150005E7	546.4030915576694
1.1216086E7	523.7919075144508
1.1217428E7	545.8029350104822
1.12186895E7	449.0
1.1219308E7	0.0
1.12199995E7	482.38461538461536
1.12210685E7	595.9885057471264
1.12221395E7	493.6607142857143
1.122321E7	470.77777777777777
1.12242835E7	577.998322147651
1.1225358E7	524.5873015873016
1.12264265E7	512.042194092827
1.1227496E7	457.6715328467153
1.1228565E7	517.5384615384615
1.12296315E7	542.1502732240438
1.12306965E7	579.5833333333334
1.12317595E7	545.4230769230769
1.12328215E7	431.75
1.1233886E7	497.0657894736842
1.1234948E7	569.9649122807018
1.1236003E7	531.327868852459
1.12370585E7	560.4328767123287
1.1238114E7	401.0
1.12391735E7	480.79395085066164
1.1240233E7	553.9266666666666
1.12412875E7	495.28
1.12423415E7	577.0
1.1243396E7	433.9428571428571
1.12444505E7	519.6428571428571
1.1245512E7	517.6206896551724
1.12465735E7	499.5
1.1247363E7	538.1171171171171
1.12478895E7	429.75
1.12486905E7	597.9805825242719
1.1249754E7	436.8095238095238
1.12508075E7	492.6462585034014
1.1251861E7	458.3333333333333
1.125292E7	546.1970802919708
1.12539785E7	514.7424242424242
1.125503E7	444.0
1.12560815E7	533.311475409836
1.1257133E7	456.53333333333336
1.1258184E7	0.0
1.1259234E7	426.3333333333333
1.12602845E7	517.9879518072289
1.1261335E7	521.4756097560976
1.1262384E7	367.12
1.1263436E7	527.2150537634409
1.126449E7	573.3832487309645
1.126554E7	514.6730769230769
1.1266588E7	543.6673003802281
1.1267637E7	494.5952380952381
1.1268685E7	444.22222222222223
1.12697405E7	547.9430261519302
1.1270796E7	554.3421052631579
1.12718425E7	0.0
1.1272888E7	0.0
1.12739375E7	509.2121212121212
1.12749885E7	497.1181818181818
1.12758065E7	507.8181818181818
1.12763285E7	358.25
1.1277079E7	441.44642857142856
1.12781265E7	486.7032258064516
1.12791735E7	417.3333333333333
1.1280217E7	499.35714285714283
1.1281261E7	548.3667546174142
1.1282305E7	470.7857142857143
1.1283348E7	533.6125
1.12843905E7	498.4642857142857
1.12854335E7	504.96581196581195
1.1286476E7	412.02272727272725
1.1287518E7	426.61538461538464
1.1288561E7	540.0074441687345
1.12896025E7	535.9260450160772
1.1290642E7	472.0375939849624
1.12916805E7	478.0
1.12927185E7	462.56666666666666
1.1293757E7	341.3333333333333
1.1294795E7	441.5
1.1295832E7	524.2727272727273
1.129718E7	497.2381801962533
1.1298527E7	508.1304347826087
1.1299561E7	417.06666666666666
1.13006005E7	569.6141975308642
1.130165E7	557.6083129584352
1.13026955E7	548.5444126074499
1.1303738E7	562.463601532567
1.13044185E7	580.5263157894736
1.1304936E7	558.7
1.1305813E7	519.5875
1.13068455E7	430.1333333333333
1.13078775E7	303.0
1.1308909E7	555.3571428571429
1.13099405E7	558.6666666666666
1.13109715E7	394.0
1.13120015E7	531.5
1.1313034E7	602.4606741573034
1.1314066E7	450.58620689655174
1.1315095E7	566.9887640449438
1.13161235E7	528.0068965517241
1.1317157E7	591.395061728395
1.1318189E7	529.123595505618
1.1319215E7	416.18781725888323
1.13202465E7	465.27647058823527
1.1321282E7	506.57575757575756
1.1322313E7	530.2222222222222
1.1323339E7	513.4126984126984
1.1324368E7	515.7174887892377
1.13254265E7	580.0814299900695
1.132648E7	454.3333333333333
1.1327511E7	497.5595238095238
1.1328543E7	544.2105263157895
1.1329569E7	433.3333333333333
1.1330593E7	522.5263157894736
1.1331614E7	564.9166666666666
1.13325875E7	443.8
1.13330975E7	0.0
1.1333656E7	513.8205128205128
1.13346775E7	383.6666666666667
1.13356975E7	450.0
1.1336717E7	506.8
1.13377355E7	0.0
1.1338753E7	522.2692307692307
1.13397725E7	541.6381578947369
1.1340792E7	568.6806722689075
1.13418145E7	554.1379310344828
1.13428365E7	529.5333333333333
1.1343859E7	519.2380151387721
1.1344881E7	565.3666666666667
1.1345897E7	561.5756457564576
1.13469145E7	544.9629629629629
1.13479295E7	526.6575342465753
1.1348943E7	533.7731958762887
1.13499795E7	496.5011698642957
1.1351019E7	513.0281690140845
1.1352035E7	508.0
1.1353047E7	634.566265060241
1.1354059E7	471.0
1.135508E7	558.4866310160428
1.1356103E7	520.7632850241546
1.1357116E7	431.8235294117647
1.13581265E7	551.2948717948718
1.1359137E7	525.573476702509
1.1360146E7	0.0
1.13610875E7	537.4
1.13616E7	0.0
1.13621785E7	369.1818181818182
1.13631855E7	548.3932584269663
1.13641945E7	544.4080996884735
1.13652075E7	559.4224719101123
1.1366217E7	535.448275862069
1.1367222E7	563.3333333333334
1.13682265E7	402.25
1.1369234E7	476.85227272727275
1.1370241E7	428.5217391304348
1.13712435E7	446.1219512195122
1.1372255E7	519.9587628865979
1.1373266E7	464.16
1.13742715E7	522.1150793650794
1.1375279E7	505.46017699115043
1.13762835E7	554.8181818181819
1.1377287E7	542.6866267465069
1.1378293E7	480.8682634730539
1.137932E7	480.69876543209875
1.1380691E7	545.0310478654593
1.13820465E7	504.01355013550136
1.13833235E7	550.3353808353809
1.13849785E7	600.5702005730659
1.1386496E7	460.9375
1.13878665E7	425.92753623188406
1.13892435E7	527.1353135313532
