#Insert size (bp)	insert size
233.0	1.0
235.0	1.0
236.0	1.0
240.0	1.0
243.0	1.0
244.0	3.0
246.0	3.0
248.0	1.0
249.0	6.0
250.0	1.0
251.0	1.0
252.0	8.0
253.0	7.0
254.0	6.0
255.0	13.0
256.0	9.0
257.0	13.0
258.0	17.0
259.0	11.0
260.0	7.0
261.0	17.0
262.0	15.0
263.0	26.0
264.0	17.0
265.0	24.0
266.0	16.0
267.0	29.0
268.0	19.0
269.0	20.0
270.0	35.0
271.0	25.0
272.0	29.0
273.0	27.0
274.0	25.0
275.0	28.0
276.0	43.0
277.0	34.0
278.0	29.0
279.0	45.0
280.0	51.0
281.0	54.0
282.0	46.0
283.0	74.0
284.0	71.0
285.0	70.0
286.0	92.0
287.0	89.0
288.0	104.0
289.0	92.0
290.0	111.0
291.0	131.0
292.0	107.0
293.0	159.0
294.0	158.0
295.0	187.0
296.0	222.0
297.0	233.0
298.0	274.0
299.0	371.0
300.0	730.0
301.0	1491.0
302.0	1955.0
303.0	1493.0
304.0	1381.0
305.0	1461.0
306.0	1433.0
307.0	1442.0
308.0	1536.0
309.0	1444.0
310.0	1494.0
311.0	1511.0
312.0	1434.0
313.0	1608.0
314.0	1467.0
315.0	1532.0
316.0	1588.0
317.0	1535.0
318.0	1564.0
319.0	1517.0
320.0	1537.0
321.0	1633.0
322.0	1605.0
323.0	1626.0
324.0	1681.0
325.0	1647.0
326.0	1675.0
327.0	1788.0
328.0	1704.0
329.0	1654.0
330.0	1696.0
331.0	1764.0
332.0	1735.0
333.0	1795.0
334.0	1806.0
335.0	1718.0
336.0	1853.0
337.0	1803.0
338.0	1909.0
339.0	1970.0
340.0	1945.0
341.0	1912.0
342.0	2021.0
343.0	1940.0
344.0	2007.0
345.0	1996.0
346.0	1976.0
347.0	1964.0
348.0	2060.0
349.0	2097.0
350.0	2085.0
351.0	2144.0
352.0	2129.0
353.0	2089.0
354.0	2251.0
355.0	2176.0
356.0	2211.0
357.0	2217.0
358.0	2293.0
359.0	2245.0
360.0	2152.0
361.0	2369.0
362.0	2354.0
363.0	2374.0
364.0	2300.0
365.0	2322.0
366.0	2404.0
367.0	2500.0
368.0	2404.0
369.0	2507.0
370.0	2582.0
371.0	2498.0
372.0	2553.0
373.0	2630.0
374.0	2517.0
375.0	2558.0
376.0	2789.0
377.0	2704.0
378.0	2637.0
379.0	2713.0
380.0	2748.0
381.0	2805.0
382.0	2859.0
383.0	2747.0
384.0	2810.0
385.0	2842.0
386.0	2860.0
387.0	2801.0
388.0	2981.0
389.0	2965.0
390.0	3007.0
391.0	2962.0
392.0	3005.0
393.0	3059.0
394.0	3085.0
395.0	3292.0
396.0	3037.0
397.0	3195.0
398.0	3147.0
399.0	3106.0
400.0	3190.0
401.0	3219.0
402.0	3298.0
403.0	3351.0
404.0	3270.0
405.0	3400.0
406.0	3407.0
407.0	3434.0
408.0	3351.0
409.0	3330.0
410.0	3512.0
411.0	3469.0
412.0	3471.0
413.0	3526.0
414.0	3564.0
415.0	3437.0
416.0	3524.0
417.0	3656.0
418.0	3620.0
419.0	3643.0
420.0	3785.0
421.0	3622.0
422.0	3739.0
423.0	3721.0
424.0	3786.0
425.0	3717.0
426.0	3824.0
427.0	3829.0
428.0	3777.0
429.0	3809.0
430.0	4031.0
431.0	3993.0
432.0	4059.0
433.0	3834.0
434.0	4133.0
435.0	3875.0
436.0	4023.0
437.0	4031.0
438.0	4083.0
439.0	4142.0
440.0	4245.0
441.0	4020.0
442.0	4199.0
443.0	4154.0
444.0	4282.0
445.0	4489.0
446.0	4096.0
447.0	4334.0
448.0	4203.0
449.0	4446.0
450.0	4211.0
451.0	4332.0
452.0	4661.0
453.0	4501.0
454.0	4548.0
455.0	4473.0
456.0	4402.0
457.0	4473.0
458.0	4361.0
459.0	4609.0
460.0	4606.0
461.0	4581.0
462.0	4715.0
463.0	4522.0
464.0	4699.0
465.0	4688.0
466.0	4736.0
467.0	4585.0
468.0	4621.0
469.0	4821.0
470.0	4818.0
471.0	4709.0
472.0	4920.0
473.0	4721.0
474.0	4733.0
475.0	4745.0
476.0	4943.0
477.0	4860.0
478.0	4821.0
479.0	4627.0
480.0	4947.0
481.0	4837.0
482.0	4907.0
483.0	4989.0
484.0	5014.0
485.0	4823.0
486.0	5019.0
487.0	4844.0
488.0	4839.0
489.0	5017.0
490.0	5063.0
491.0	5062.0
492.0	4981.0
493.0	4912.0
494.0	5051.0
495.0	5027.0
496.0	5035.0
497.0	4969.0
498.0	5014.0
499.0	5075.0
500.0	5118.0
501.0	5109.0
502.0	5020.0
503.0	4953.0
504.0	5223.0
505.0	5075.0
506.0	5230.0
507.0	5084.0
508.0	5149.0
509.0	5229.0
510.0	5245.0
511.0	5284.0
512.0	4971.0
513.0	5162.0
514.0	5248.0
515.0	5132.0
516.0	5140.0
517.0	5043.0
518.0	5173.0
519.0	5197.0
520.0	5317.0
521.0	5248.0
522.0	5062.0
523.0	5202.0
524.0	5263.0
525.0	5277.0
526.0	5278.0
527.0	5126.0
528.0	5011.0
529.0	5215.0
530.0	5167.0
531.0	5166.0
532.0	4984.0
533.0	5130.0
534.0	5206.0
535.0	5100.0
536.0	5189.0
537.0	4986.0
538.0	5101.0
539.0	5069.0
540.0	5018.0
541.0	4938.0
542.0	5215.0
543.0	5179.0
544.0	5246.0
545.0	5027.0
546.0	5002.0
547.0	4915.0
548.0	5076.0
549.0	4790.0
550.0	4925.0
551.0	4919.0
552.0	5005.0
553.0	4957.0
554.0	5061.0
555.0	4751.0
556.0	4932.0
557.0	4914.0
558.0	4846.0
559.0	4805.0
560.0	4849.0
561.0	4942.0
562.0	4660.0
563.0	4715.0
564.0	4813.0
565.0	4884.0
566.0	4885.0
567.0	4950.0
568.0	4745.0
569.0	4795.0
570.0	4763.0
571.0	4721.0
572.0	4925.0
573.0	4730.0
574.0	4664.0
575.0	4578.0
576.0	4615.0
577.0	4664.0
578.0	4625.0
579.0	4643.0
580.0	4690.0
581.0	4678.0
582.0	4658.0
583.0	4731.0
584.0	4603.0
585.0	4515.0
586.0	4630.0
587.0	4567.0
588.0	4512.0
589.0	4589.0
590.0	4497.0
591.0	4368.0
592.0	4285.0
593.0	4494.0
594.0	4525.0
595.0	4434.0
596.0	4219.0
597.0	4400.0
598.0	4263.0
599.0	4335.0
600.0	4360.0
601.0	4357.0
602.0	4367.0
603.0	4311.0
604.0	4255.0
605.0	4180.0
606.0	4056.0
607.0	4230.0
608.0	4307.0
609.0	4119.0
610.0	4116.0
611.0	4216.0
612.0	3951.0
613.0	4051.0
614.0	4181.0
615.0	3976.0
616.0	3934.0
617.0	3952.0
618.0	3941.0
619.0	3784.0
620.0	3951.0
621.0	3893.0
622.0	3934.0
623.0	4003.0
624.0	3875.0
625.0	3871.0
626.0	3682.0
627.0	3808.0
628.0	3645.0
629.0	3718.0
630.0	3727.0
631.0	3713.0
632.0	3562.0
633.0	3670.0
634.0	3542.0
635.0	3729.0
636.0	3615.0
637.0	3514.0
638.0	3635.0
639.0	3472.0
640.0	3706.0
641.0	3434.0
642.0	3421.0
643.0	3550.0
644.0	3482.0
645.0	3534.0
646.0	3433.0
647.0	3534.0
648.0	3406.0
649.0	3414.0
650.0	3450.0
651.0	3421.0
652.0	3308.0
653.0	3550.0
654.0	3308.0
655.0	3379.0
656.0	3317.0
657.0	3371.0
658.0	3244.0
659.0	3312.0
660.0	3270.0
661.0	3246.0
662.0	3231.0
663.0	3200.0
664.0	3161.0
665.0	3335.0
666.0	3123.0
667.0	3230.0
668.0	3102.0
669.0	3292.0
670.0	3059.0
671.0	3071.0
672.0	2916.0
673.0	3008.0
674.0	3023.0
675.0	2951.0
676.0	2960.0
677.0	2966.0
678.0	3009.0
679.0	2959.0
680.0	2975.0
681.0	2936.0
682.0	2938.0
683.0	2859.0
684.0	2850.0
685.0	2877.0
686.0	2861.0
687.0	2687.0
688.0	2808.0
689.0	2741.0
690.0	2616.0
691.0	2580.0
692.0	2698.0
693.0	2743.0
694.0	2681.0
695.0	2614.0
696.0	2537.0
697.0	2627.0
698.0	2682.0
699.0	2554.0
700.0	2608.0
701.0	2649.0
702.0	2626.0
703.0	2560.0
704.0	2535.0
705.0	2657.0
706.0	2459.0
707.0	2484.0
708.0	2412.0
709.0	2391.0
710.0	2511.0
711.0	2376.0
712.0	2364.0
713.0	2458.0
714.0	2414.0
715.0	2383.0
716.0	2307.0
717.0	2388.0
718.0	2274.0
719.0	2328.0
720.0	2361.0
721.0	2254.0
722.0	2334.0
723.0	2317.0
724.0	2248.0
725.0	2363.0
726.0	2241.0
727.0	2201.0
728.0	2308.0
729.0	2122.0
730.0	2361.0
731.0	2229.0
732.0	2179.0
733.0	2087.0
734.0	2073.0
735.0	2192.0
736.0	2181.0
737.0	2024.0
738.0	2089.0
739.0	1980.0
740.0	2082.0
741.0	2058.0
742.0	2017.0
743.0	2001.0
744.0	2063.0
745.0	2029.0
746.0	2028.0
747.0	2041.0
748.0	1931.0
749.0	1994.0
750.0	1872.0
751.0	1898.0
752.0	1869.0
753.0	1954.0
754.0	2003.0
755.0	1982.0
756.0	1854.0
757.0	2043.0
758.0	1873.0
759.0	1878.0
760.0	1839.0
761.0	1808.0
762.0	1836.0
763.0	1897.0
764.0	1773.0
765.0	1780.0
766.0	1795.0
767.0	1700.0
768.0	1713.0
769.0	1781.0
770.0	1795.0
771.0	1782.0
772.0	1725.0
773.0	1694.0
774.0	1767.0
775.0	1712.0
776.0	1727.0
777.0	1752.0
778.0	1642.0
779.0	1638.0
780.0	1740.0
781.0	1601.0
782.0	1607.0
783.0	1679.0
784.0	1585.0
785.0	1604.0
786.0	1516.0
787.0	1534.0
788.0	1634.0
789.0	1536.0
790.0	1572.0
791.0	1576.0
792.0	1485.0
793.0	1487.0
794.0	1513.0
795.0	1557.0
796.0	1467.0
797.0	1541.0
798.0	1480.0
799.0	1477.0
800.0	1445.0
801.0	1428.0
802.0	1405.0
803.0	1416.0
804.0	1378.0
805.0	1434.0
806.0	1324.0
807.0	1323.0
808.0	1292.0
809.0	1372.0
810.0	1358.0
811.0	1417.0
812.0	1362.0
813.0	1371.0
814.0	1343.0
815.0	1370.0
816.0	1296.0
817.0	1340.0
818.0	1350.0
819.0	1326.0
820.0	1388.0
821.0	1298.0
822.0	1282.0
823.0	1326.0
824.0	1251.0
825.0	1277.0
826.0	1397.0
827.0	1234.0
828.0	1258.0
829.0	1180.0
830.0	1175.0
831.0	1178.0
832.0	1207.0
833.0	1204.0
834.0	1210.0
835.0	1182.0
836.0	1161.0
837.0	1149.0
838.0	1093.0
839.0	1129.0
840.0	1155.0
841.0	1182.0
842.0	1170.0
843.0	1153.0
844.0	1117.0
845.0	1092.0
846.0	1177.0
847.0	1153.0
848.0	1073.0
849.0	1043.0
850.0	1087.0
851.0	1047.0
852.0	1055.0
853.0	1042.0
854.0	1086.0
855.0	1077.0
856.0	1049.0
857.0	998.0
858.0	1009.0
859.0	977.0
860.0	1028.0
861.0	1030.0
862.0	1026.0
863.0	1005.0
864.0	961.0
865.0	943.0
866.0	1081.0
867.0	1037.0
868.0	1065.0
869.0	843.0
870.0	938.0
871.0	950.0
872.0	921.0
873.0	886.0
874.0	922.0
875.0	905.0
876.0	901.0
877.0	903.0
878.0	937.0
879.0	971.0
880.0	962.0
881.0	891.0
882.0	888.0
883.0	835.0
884.0	959.0
885.0	950.0
886.0	856.0
887.0	831.0
888.0	886.0
889.0	861.0
890.0	841.0
891.0	822.0
892.0	793.0
893.0	794.0
894.0	760.0
895.0	815.0
896.0	780.0
897.0	808.0
898.0	802.0
899.0	765.0
900.0	748.0
901.0	801.0
902.0	709.0
903.0	730.0
904.0	754.0
905.0	736.0
906.0	801.0
907.0	716.0
908.0	678.0
909.0	683.0
910.0	705.0
911.0	701.0
912.0	721.0
913.0	651.0
914.0	719.0
915.0	685.0
916.0	701.0
917.0	659.0
918.0	656.0
919.0	661.0
920.0	701.0
921.0	659.0
922.0	653.0
923.0	641.0
924.0	673.0
925.0	650.0
926.0	642.0
927.0	573.0
928.0	576.0
929.0	631.0
930.0	607.0
931.0	611.0
932.0	614.0
933.0	556.0
934.0	600.0
935.0	631.0
936.0	603.0
937.0	592.0
938.0	595.0
939.0	600.0
940.0	576.0
941.0	592.0
942.0	578.0
943.0	579.0
944.0	568.0
945.0	559.0
946.0	550.0
947.0	525.0
948.0	574.0
949.0	540.0
950.0	536.0
951.0	486.0
952.0	485.0
953.0	467.0
954.0	480.0
955.0	534.0
956.0	502.0
957.0	523.0
958.0	501.0
959.0	501.0
960.0	465.0
961.0	492.0
962.0	439.0
963.0	491.0
964.0	454.0
965.0	449.0
966.0	401.0
967.0	459.0
968.0	466.0
969.0	409.0
970.0	461.0
971.0	428.0
972.0	423.0
973.0	399.0
974.0	430.0
975.0	405.0
976.0	452.0
977.0	418.0
978.0	418.0
979.0	365.0
980.0	436.0
981.0	397.0
982.0	392.0
983.0	376.0
984.0	399.0
985.0	400.0
986.0	435.0
987.0	425.0
988.0	373.0
989.0	403.0
990.0	386.0
991.0	416.0
992.0	403.0
993.0	411.0
994.0	395.0
995.0	369.0
996.0	380.0
997.0	338.0
998.0	379.0
999.0	362.0
1000.0	363.0
1001.0	263.0
1002.0	263.0
1003.0	221.0
1004.0	236.0
1005.0	246.0
1006.0	239.0
1007.0	214.0
1008.0	225.0
1009.0	247.0
1010.0	240.0
1011.0	250.0
1012.0	253.0
1013.0	234.0
1014.0	225.0
1015.0	225.0
1016.0	212.0
1017.0	220.0
1018.0	182.0
1019.0	206.0
1020.0	221.0
1021.0	234.0
1022.0	202.0
1023.0	209.0
1024.0	176.0
1025.0	184.0
1026.0	184.0
1027.0	186.0
1028.0	213.0
1029.0	188.0
1030.0	208.0
1031.0	199.0
1032.0	195.0
1033.0	171.0
1034.0	173.0
1035.0	172.0
1036.0	193.0
1037.0	204.0
1038.0	196.0
1039.0	159.0
1040.0	167.0
1041.0	172.0
1042.0	177.0
1043.0	174.0
1044.0	164.0
1045.0	155.0
1046.0	153.0
1047.0	153.0
1048.0	201.0
1049.0	187.0
1050.0	176.0
1051.0	203.0
1052.0	192.0
1053.0	195.0
1054.0	243.0
1055.0	295.0
1056.0	429.0
1057.0	671.0
1058.0	1087.0
1059.0	100.0
1060.0	84.0
1061.0	74.0
1062.0	71.0
1063.0	67.0
1064.0	75.0
1065.0	78.0
1066.0	67.0
1067.0	68.0
1068.0	68.0
1069.0	56.0
1070.0	61.0
1071.0	57.0
1072.0	69.0
1073.0	65.0
1074.0	63.0
1075.0	55.0
1076.0	67.0
1077.0	67.0
1078.0	67.0
1079.0	62.0
1080.0	56.0
1081.0	72.0
1082.0	57.0
1083.0	70.0
1084.0	72.0
1085.0	66.0
1086.0	58.0
1087.0	77.0
1088.0	64.0
1089.0	55.0
1090.0	49.0
1091.0	69.0
1092.0	54.0
1093.0	68.0
1094.0	54.0
1095.0	63.0
1096.0	57.0
1097.0	64.0
1098.0	56.0
1099.0	62.0
1100.0	67.0
1101.0	75.0
1102.0	62.0
1103.0	83.0
1104.0	72.0
1105.0	67.0
1106.0	70.0
1107.0	58.0
1108.0	65.0
1109.0	68.0
1110.0	82.0
1111.0	96.0
1112.0	65.0
1113.0	83.0
1114.0	81.0
1115.0	70.0
1116.0	88.0
1117.0	69.0
1118.0	74.0
1119.0	76.0
1120.0	75.0
1121.0	64.0
1122.0	56.0
1123.0	60.0
1124.0	74.0
1125.0	83.0
1126.0	61.0
1127.0	69.0
1128.0	75.0
1129.0	56.0
1130.0	63.0
1131.0	69.0
1132.0	71.0
1133.0	67.0
1134.0	59.0
1135.0	54.0
1136.0	67.0
1137.0	60.0
1138.0	60.0
1139.0	39.0
1140.0	47.0
1141.0	55.0
1142.0	58.0
1143.0	66.0
1144.0	56.0
1145.0	53.0
1146.0	47.0
1147.0	62.0
1148.0	55.0
1149.0	53.0
1150.0	45.0
1151.0	43.0
1152.0	51.0
1153.0	47.0
1154.0	35.0
1155.0	49.0
1156.0	45.0
1157.0	58.0
1158.0	45.0
1159.0	43.0
1160.0	52.0
1161.0	41.0
1162.0	53.0
1163.0	51.0
1164.0	39.0
1165.0	42.0
1166.0	42.0
1167.0	31.0
1168.0	33.0
1169.0	44.0
1170.0	26.0
1171.0	36.0
1172.0	36.0
1173.0	28.0
1174.0	31.0
1175.0	40.0
1176.0	28.0
1177.0	39.0
1178.0	33.0
1179.0	42.0
1180.0	26.0
1181.0	45.0
1182.0	31.0
1183.0	40.0
1184.0	28.0
1185.0	35.0
1186.0	27.0
1187.0	35.0
1188.0	34.0
1189.0	20.0
1190.0	45.0
1191.0	15.0
1192.0	27.0
1193.0	26.0
1194.0	22.0
1195.0	23.0
1196.0	23.0
1197.0	27.0
1198.0	22.0
1199.0	23.0
1200.0	17.0
1201.0	31.0
1202.0	36.0
1203.0	25.0
1204.0	22.0
1205.0	24.0
1206.0	25.0
1207.0	22.0
1208.0	22.0
1209.0	24.0
1210.0	16.0
1211.0	25.0
1212.0	19.0
1213.0	19.0
1214.0	13.0
1215.0	22.0
1216.0	11.0
1217.0	20.0
1218.0	20.0
1219.0	25.0
1220.0	14.0
1221.0	20.0
1222.0	14.0
1223.0	18.0
1224.0	27.0
1225.0	14.0
1226.0	20.0
1227.0	16.0
1228.0	18.0
1229.0	17.0
1230.0	16.0
1231.0	16.0
1232.0	19.0
1233.0	14.0
1234.0	24.0
1235.0	11.0
1236.0	18.0
1237.0	18.0
1238.0	12.0
1239.0	10.0
1240.0	17.0
1241.0	8.0
1242.0	12.0
1243.0	20.0
1244.0	14.0
1245.0	14.0
1246.0	10.0
1247.0	14.0
1248.0	15.0
1249.0	9.0
1250.0	15.0
1251.0	10.0
1252.0	7.0
1253.0	5.0
1254.0	15.0
1255.0	10.0
1256.0	15.0
1257.0	11.0
1258.0	15.0
1259.0	23.0
1260.0	12.0
1261.0	9.0
1262.0	6.0
1263.0	7.0
1264.0	13.0
1265.0	14.0
1266.0	11.0
1267.0	8.0
1268.0	12.0
1269.0	7.0
1270.0	4.0
1271.0	7.0
1272.0	11.0
1273.0	13.0
1274.0	8.0
1275.0	9.0
1276.0	7.0
1277.0	15.0
1278.0	8.0
1279.0	6.0
1280.0	4.0
1281.0	4.0
1282.0	3.0
1283.0	14.0
1284.0	6.0
1285.0	8.0
1286.0	10.0
1287.0	6.0
1288.0	5.0
1289.0	7.0
1290.0	9.0
1291.0	11.0
1292.0	4.0
1293.0	8.0
1294.0	5.0
1295.0	9.0
1296.0	7.0
1297.0	10.0
1298.0	4.0
1299.0	11.0
1300.0	7.0
1301.0	5.0
1302.0	1.0
1303.0	10.0
1304.0	4.0
1305.0	5.0
1306.0	4.0
1307.0	8.0
1308.0	3.0
1309.0	8.0
1310.0	4.0
1311.0	6.0
1312.0	11.0
1313.0	3.0
1314.0	4.0
1315.0	6.0
1316.0	6.0
1317.0	5.0
1318.0	6.0
1319.0	3.0
1320.0	3.0
1321.0	3.0
1322.0	4.0
1323.0	4.0
1324.0	6.0
1325.0	3.0
1326.0	3.0
1327.0	6.0
1328.0	7.0
1329.0	9.0
1330.0	1.0
1331.0	3.0
1332.0	4.0
1333.0	5.0
1334.0	6.0
1335.0	2.0
1337.0	2.0
1338.0	2.0
1339.0	4.0
1340.0	1.0
1341.0	6.0
1342.0	5.0
