#Position (bp)	mapping quality
14238.0	41.157114430917396
34467.5	41.01062106548634
48705.0	41.08565461189749
71188.0	40.81769525672671
86054.5	35.9116379097734
100292.0	41.02442460414038
121615.5	41.05044960109768
135853.0	40.16544306071011
156613.0	40.15239782299579
173324.0	40.21450291644071
187561.5	40.56650927851244
211401.0	40.15029746271367
225638.5	39.23016797978296
242038.0	40.01624516558606
266726.0	40.262194954910456
280963.5	34.01263845112365
298988.0	39.1379972588058
320661.5	40.40652069492193
334899.0	41.027104616192474
355938.0	40.18197236631485
378632.5	33.0053590262337
392870.0	37.57298587021576
412585.5	38.33190814723648
426823.0	37.281352914997775
441363.0	37.790341876082486
460101.0	36.92535117282353
474338.5	33.56368222703211
493035.5	38.336949499628226
507273.0	38.72116984257019
524591.5	38.34928884176712
538829.0	22.741188159561673
555263.0	39.744835330154025
570103.0	2.050027305351849
584340.5	37.24473695003265
601922.5	39.94488478978888
616160.0	39.359755897197246
633008.0	40.24145662599577
647245.5	38.11136017488307
663944.0	39.42255645949474
678181.5	37.10480486041912
697532.0	39.703526908311886
711769.5	13.35133508837909
726113.0	39.74606470535831
742658.0	35.714057949794196
756895.5	39.95425514777174
773098.0	34.39031428312246
787335.5	37.14136609397787
807604.0	40.01296757951399
821841.5	41.134717409100496
838909.0	39.25378071158716
853146.5	31.764167396204563
868488.0	30.50511806890106
883450.0	39.00088012115542
897687.5	40.762136083711894
913382.5	40.47312527595101
927620.0	40.737988023879005
942970.0	39.7875773501476
957207.5	40.92413053434086
973580.5	38.52346920716563
987818.0	38.834676119736024
1003578.0	38.32292342186094
1017815.5	39.745713071126026
1032869.0	39.90290577418793
1047106.5	40.04066646434908
1062736.0	38.397782276063644
1076973.5	39.82656556294213
1091933.0	39.48112801282156
1106170.5	40.89052019879349
1120776.5	38.59267241466065
1135014.0	40.514513231905845
1149573.0	41.04023338393529
1163810.5	40.93202851510828
1177853.5	39.26915400894747
1192091.0	37.87242900094182
1206407.0	40.926148694539656
1220644.5	39.909677419354836
1234281.5	40.517484987783675
1248519.0	33.93707938619196
1263172.0	40.39803062397337
1277409.5	40.782126485379855
1292710.5	40.960861149664396
1306948.0	41.23725412601533
1320767.5	40.37538890227804
1335005.0	40.61104732845215
1348624.0	41.20992813986206
1362861.5	37.27791798898373
1378451.5	37.51826652401085
1392689.0	41.00503109923649
1406135.0	40.66756277828539
1420372.5	40.72214946852003
1433683.0	40.91796982094563
1447920.5	39.192395753689
1462573.0	33.024251956574744
1476810.5	31.228817743663978
1490088.5	38.69664076235955
1504326.0	39.988051657842846
1517803.5	40.29208104117212
1532041.0	40.870186667971666
1545849.0	40.79815797532789
1560086.5	39.40835445350288
1572904.5	40.73376740130958
1587142.0	40.919458820542594
1601038.5	36.58360664260983
1615276.0	37.1715552277103
1627854.0	41.20887097642083
1642091.5	38.93572867465453
1655938.5	37.21399435096175
1670176.0	39.32541296146252
1684475.0	33.213143367078096
1698712.5	39.88558293232358
1722738.0	40.14982416086806
1751213.0	40.06821173899086
1771613.5	40.94950937953891
1785851.0	40.797028145695364
1798543.0	40.86219896643539
1812780.5	40.243286540810914
1825831.0	41.358023227521265
1840068.5	40.580471978795984
1852299.5	41.086184722278176
1866537.0	37.89669097767439
1881784.0	26.273375753653863
1895852.0	41.338339057185316
1907656.0	38.55932937148255
1919484.5	40.53312514692836
1933722.0	40.2704360125024
1946647.0	40.924631381072665
1960884.5	39.46167755906171
1973372.5	40.61161627008819
1987610.0	40.62932615255779
2000901.5	40.17629185996788
2015139.0	40.95502666703424
2026666.0	41.021337629267784
2040903.5	40.36496066717439
2052315.5	41.16813858695652
2065726.5	35.407064232767794
2077849.0	28.919671652364116
2089880.5	37.7134251953784
2104118.0	36.43847796965058
2115760.0	40.609919487442546
2129997.5	37.76873013692601
2140858.5	40.8075390659344
2155096.0	39.228163715673794
2166264.0	40.452334563031336
2179242.0	38.80753643063304
2191316.0	21.153294371673688
2202646.0	35.12151727659186
2216883.5	40.17312944848835
2228406.5	37.53334699327778
2242644.0	38.25106795280572
2255249.0	40.68351675573729
2269486.5	41.061624958604234
2280590.0	24.698395934256286
2294062.0	37.88466218183737
2305710.0	41.004301708898055
2316420.5	40.298033166853344
2330658.0	41.030097626126754
2341236.5	41.169263595308735
2355474.0	38.27038928331071
2367604.0	30.897757072140852
2381841.5	40.61005542585687
2392555.5	40.75593245555308
2403727.0	41.163760472984194
2417309.5	40.8650063175473
2427762.0	41.03135367970059
2441999.5	40.44974040431161
2452517.0	39.84990003348906
2466551.5	40.35508345252273
2477122.5	37.889092033447156
2487789.5	39.56057572196947
2502027.0	32.480248274714356
2513153.0	39.716104876955875
2527390.5	40.616622479770605
2537735.0	40.44456149591783
2551497.5	41.007433325782735
2562275.5	39.83333974568609
2573019.0	38.326300732097174
2587256.5	38.978090521889335
2597931.0	40.838515006629436
2612168.5	39.09042112977877
2622667.5	34.2413751165064
2635566.0	39.93442762363704
2646836.5	40.028230795992954
2657246.0	40.9175639082555
2671483.5	37.16690488565489
2681835.0	35.87480640585142
2696072.5	40.56467398583257
2706127.5	28.270304613513595
2717007.0	40.87837565639197
2730242.5	41.11637778746964
2740095.0	39.848959875989735
2754332.5	40.902196402477664
2764081.0	37.026584529955315
2775919.0	39.07887157694913
2788151.0	29.54822040779502
2800174.5	40.73969901391517
2814412.0	24.107552408640117
2825587.0	37.08997273986451
2839824.5	40.80674595514074
2849873.0	39.36697648819781
2862522.0	38.36182524787095
2874387.0	38.63322982013714
2884228.0	35.6095398843209
2898465.5	40.820662712465236
2908149.0	40.82532741924009
2921394.5	41.27309505649566
2931933.5	36.59677764546417
2941926.5	39.37050319937831
2956164.0	36.72480853474116
2965662.0	39.02839605037438
2979711.0	37.3202207838669
2989687.0	38.47521446788778
2999441.5	39.70217603010497
3013679.0	38.866213709426894
3023452.0	40.57400921497549
3037689.5	38.35563834026647
3047305.0	38.49310950566579
3057008.0	39.47146671963878
3070766.0	39.677629910952206
3079861.5	35.15439243881535
3093776.0	41.20367170109809
3103452.5	27.791309949054284
3112782.0	40.861605102311984
3127019.5	41.28684607597544
3136409.0	38.791571843042036
3149644.5	40.869190560242664
3159723.5	34.793845093434086
3168761.5	39.65907828576579
3182999.0	41.0343128730432
3192348.0	38.39042824074074
3204424.5	39.697472494563506
3215514.5	37.452323445747695
3224853.5	41.2664682193579
3239091.0	40.23735183835942
3247970.5	39.97592561328779
3259194.0	36.56803826839045
3271611.5	40.44752618340537
3280684.0	37.80538832572116
3294921.5	37.47751298643384
3303807.5	40.02882484868137
3313951.0	39.26493918647584
3327481.5	38.60992370839079
3336102.0	40.72564262491121
3349987.5	32.455727923155024
3359698.5	40.7482737403432
3368463.0	36.0309981270347
3382700.5	40.93449611893833
3391637.0	31.267841381198675
3403555.0	39.44778322451753
3414681.0	35.31314323332105
3423672.5	37.59955003698101
3437910.0	41.26774321583317
3446890.0	20.844606728439665
3456879.0	39.06603457609428
3469702.0	38.80630286060676
3478246.0	41.13144964399906
3491348.0	35.12265066012035
3501290.0	37.047311308695285
3510950.5	25.113028490911304
3525188.0	34.341682172152495
3533930.0	39.15909374259319
3545330.5	40.506129990177676
3556538.5	31.177184462343853
3564561.0	40.74549982782754
3578315.0	37.02238958342158
3587367.0	38.33035525107705
3595963.5	38.61406470549744
3610201.0	39.93678767902323
3618778.0	37.30590963235968
3629277.5	40.86816771868049
3641062.5	38.14007906943863
3649059.0	40.283942620723884
3661088.0	40.760761724925935
3671067.0	25.992352157656622
3679930.5	38.58997789939665
3694168.0	38.824666558960274
3702636.5	28.547591700476783
3712096.5	34.962807714594696
3725448.0	40.846338701422226
3733267.5	41.279583323920605
3743902.0	40.039466982816144
3755097.5	40.56537837044304
3762770.0	38.830342134438574
3774426.5	39.78159358979146
3784594.5	40.73856670327706
3792100.0	40.458363190219096
3804514.0	39.64197268441363
3813827.0	36.06760581971781
3821351.5	41.1070774398445
3834722.0	38.692708311203184
3843258.5	40.167783022599615
3851110.5	40.72133214555854
3865348.0	40.67438342630026
3872824.5	34.71410891089109
3880451.5	40.37485577093049
3894465.0	36.77472949154167
3901840.0	38.841340753435645
3910612.5	38.35089197069143
3924085.5	41.13494408957669
3931442.0	41.451064372095566
3940577.0	41.11835502251531
3952923.0	41.08018360804378
3960493.0	41.05548894272146
3970194.0	40.3398168364028
3981964.0	41.268502404203154
3989180.0	40.351246698891
4000061.0	40.249988105753296
4011619.0	38.73761391163917
4018801.5	40.95161686830503
4030166.5	37.55843804623169
4040578.0	36.11631936127745
4047647.5	40.333309036484145
4059209.5	31.701852462221726
4069250.0	40.696751278486865
4076384.5	39.79661316657077
4087844.0	40.085294451226424
4097622.5	38.86111783208323
4104657.0	40.54862797354139
4116260.0	39.03979861956658
4126241.0	39.013989140435676
4133967.0	40.06714529926886
4145791.5	40.6599825702327
4154937.5	38.028817086097916
4161667.5	39.782919513376186
4173074.5	38.103201680865986
4182995.0	40.53678780503699
4190266.0	40.02989238284231
4201372.5	39.84388783972736
4211169.5	37.859004088963175
4218190.5	38.84150226478286
4228707.0	41.304758683777344
4239054.5	41.02593452547651
4245592.5	40.727367797151906
4255327.0	33.52869551201382
4266747.5	39.947995848994154
4273358.5	41.13506741954395
4281936.0	41.0967156475505
4294065.5	33.76107261450803
4302473.5	35.85508347730053
4311680.5	37.13675175129064
4323170.0	35.79416154753175
4329648.5	37.52636275500626
4337631.5	39.81005460967956
4350421.0	38.98258934602554
4357128.5	32.416311020169545
4363982.0	40.89621578215108
4377548.0	39.73205473421093
4384932.0	37.40949990654954
4391318.0	37.51627054343953
4404108.5	37.39053978960278
4412178.5	38.22477837749982
4418449.5	40.25035996574486
4429522.5	41.04494918632442
4438936.0	37.31998312682798
4445728.0	36.243897911091906
4455583.0	40.25113396852005
4466193.0	41.068847597671926
4472601.5	33.04932825885233
4480788.0	41.15429505852518
4492999.5	40.49217643855509
4499314.0	36.73045581869111
4505721.0	41.066458630139095
4518149.0	39.70002816840372
4525979.5	41.32600364537085
4532212.0	35.75991413560606
4543203.5	37.520112793391775
4552754.5	37.49584602371695
4558773.5	39.34204109053208
4567762.0	39.580655426076866
4579226.5	35.669994639716876
4585354.5	41.035549690386766
4592532.5	38.85360908499129
4604878.5	38.93147063052571
4611938.0	39.328100354504706
4618121.0	38.22450246799564
4629270.0	35.45621527293401
4638337.0	41.49734946600915
4644320.5	41.00047532533378
4653302.0	31.867048109403132
4664644.5	40.552593058600756
4670565.5	39.887505526685075
4677083.0	40.6832904773384
4688874.0	38.89050093545297
4696594.0	40.12365450249409
4702690.5	41.20189020690363
4712828.5	36.64138532192706
4722751.0	33.35982222744001
4728664.0	26.38654542938923
4736535.5	37.84027240751366
4748390.5	39.849080673935894
4754756.5	19.294472797625005
4760543.0	35.86190687672164
4771717.0	40.7910235360037
4780737.0	39.01119238605701
4786737.0	30.81575013408497
4795493.0	40.85033931613097
4806794.0	31.02141815788728
4812458.5	4.4738988770132115
4818365.0	35.498305301399355
4829659.0	40.8840347250069
4837990.0	20.835519076367216
4843643.5	40.212982521959695
4852328.0	36.23647949560391
4863672.5	40.85455036189413
4869385.5	20.385173337300998
4875431.5	30.343119388037653
4886850.0	32.60997518536973
4895041.5	41.08942412391688
4900552.0	41.00786250107077
4909290.0	40.090808690535134
4920643.5	34.784097921207845
4926143.0	23.991398822996832
4931660.0	40.96825469785249
4942768.0	41.09175254980404
4951521.0	40.264257865035034
4956951.0	29.757472999196345
4966389.0	37.83050292317111
4978326.0	39.628240862568035
4983779.0	16.430237006079267
4992302.0	37.40549656479396
5005706.0	39.86130229093968
5011420.5	6.668614003894675
5016827.5	39.00968875964341
5027450.0	35.563220462578265
5036460.5	39.71722183231658
5041844.5	40.80592341750499
5048960.0	35.41542782728596
5060039.0	37.54463718346772
5067161.0	37.06893571760952
5073267.0	33.922472735567716
5084057.5	32.76605494934835
5093578.5	40.39466894777592
5098945.5	40.65600477053154
5106191.5	39.289169437862164
5117058.5	20.187268032478585
5124050.0	40.341536255137704
5129514.0	36.35932061579652
5138851.0	39.5654648057938
5149075.0	41.279017514900225
5154368.0	39.99722748686847
5160118.5	40.94223509867051
5170701.5	41.24132150773395
5179188.5	32.61432505441226
5184644.5	30.103330718684525
5192030.0	40.37651689251194
5202452.5	40.94471320573771
5209304.5	41.15237232771082
5214595.0	36.62692851169363
5223503.0	40.03999689158061
5233999.0	38.42219804406262
5239328.5	31.938144329896907
5244826.5	40.66835928020118
5255336.0	40.99456680176781
5264147.5	35.204115887336236
5269101.5	36.61573785482949
5275403.5	36.22251126957267
5285625.5	38.803040875476526
5293561.0	23.31014409185246
5298763.0	14.904288972727942
5306117.0	40.63189423872619
5316252.0	38.62884217012435
5323135.5	18.118393983503154
5328441.5	34.24529484573544
5336991.0	39.83512185348519
5346942.5	39.74980099124703
5352630.5	40.3199684467118
5357893.5	41.09197246384625
5367400.0	39.274769406836164
5377044.5	39.90594705986091
5381941.0	27.403393205928534
5387155.0	40.1085967228649
5397221.5	40.269070806018576
5406245.0	40.8419415096735
5411088.5	40.42961697742324
5416752.5	37.38953755145561
5426404.0	40.98522027834847
5434977.5	40.76527083564738
5440005.5	35.13504590177432
5446068.5	40.18369191419851
5455630.5	39.78127795903716
5463805.0	29.19878675455342
5468569.0	33.20216279166493
5474910.0	38.91959198807766
5484653.5	40.21562532138789
5492550.0	36.38037003303025
5497391.0	41.055019189721165
5504047.0	34.87198032655915
5513672.0	40.78556890157737
5521253.5	35.53459884116789
5525943.5	40.9054132944428
5534011.5	36.06053918155378
5544887.5	35.652982110929884
5551057.0	40.61850205153924
5555913.0	31.710884917804037
5563807.0	40.13529919160833
5573121.5	40.7236251892356
5579465.0	41.08061943241128
5583984.5	41.190928267174804
5591479.0	30.634988625965295
5600696.5	35.647156851873966
5607439.5	38.803036108208524
5612263.0	40.78163678184618
5619646.5	31.069906281395113
5629169.0	38.90014906315985
5636023.0	42.0
5640496.5	41.97674418604651
5647446.0	40.71851368751675
5656531.0	40.83783811447761
5663819.0	40.34214651068787
5668488.5	38.3405001759887
5674915.0	32.79673096631079
5683836.5	40.95205343226781
5691647.5	39.24614152903257
5696281.0	24.68041759947548
5701955.5	40.509494343472376
5710780.5	36.15120605535543
5719343.5	40.02151442333689
5723834.5	28.582933404431806
5728595.0	36.51629708161858
5737595.0	32.91629166147261
5746582.0	36.480083857442345
5751460.5	39.6732338916323
5756045.5	40.25498868971515
5764443.5	23.801833817639206
5773127.5	36.712966465793166
5778967.0	39.531866637208466
5783525.0	40.54873561429496
5790927.0	36.7781349340077
5799751.0	40.714604912739226
5806586.5	21.234299665264256
5810852.0	19.784175811347186
5817169.5	39.46584655009465
5825811.5	40.44872022638732
5833731.5	41.238316769115876
5838015.0	40.135557250151074
5842901.5	39.55976251270969
5851380.0	34.78802248055389
5859984.0	39.73028921662517
5865103.5	28.48242419179684
5869319.0	39.726807993889025
5877062.5	37.01965655614807
5885777.5	33.07228703861051
5892271.5	39.64165578626683
5896728.5	34.6973915149613
5903305.0	36.658936201392464
5911735.5	31.874395392428028
5919396.5	39.117265636359484
5923563.0	39.62730471655178
5928583.0	39.01480408486432
5936992.0	37.8575725775704
5945498.5	36.17727187968185
5950564.5	21.13961624495925
5957743.0	25.70580027209026
5968536.0	33.4666061439006
5976306.0	37.94588321935823
5980517.0	38.97710961740202
5985404.0	40.763021895988054
5993655.5	39.962528147686925
6001905.0	39.338048182988004
6007124.5	40.63252266757055
6011253.0	40.09824848308628
6018451.0	33.67462671691531
6026717.5	40.964256718888315
6033757.0	40.99482137900463
6037838.0	40.43319771748477
6043261.0	35.48814980526249
6051804.0	30.379601115055024
6060085.0	34.48494352017078
6064642.0	41.435848378606735
6068688.5	41.32902039679346
6076386.5	32.74283122828263
6084662.0	40.42056114007394
6091201.5	35.0867585158625
6095340.5	24.703947633009744
6101075.5	40.02634914641711
6109125.0	19.160586853419616
6117172.0	32.314895022757305
6121670.0	40.681500887943315
6125689.0	39.21858130467547
6133268.0	40.731200999777776
6141286.0	35.964462225787834
6147944.5	35.37036494091394
6151911.5	38.87231896890988
6157269.5	40.305622187193016
6165199.5	35.66596106596106
6173041.5	41.17006102529817
6178038.0	26.39902228691485
6181919.5	40.39010483722641
6188625.5	40.52277936587924
6196333.0	39.088096345637474
6203864.5	35.01895020819591
6207743.5	27.405597644490026
6211841.0	30.083335074704838
6219756.0	40.32593208058001
6227585.0	39.11458000416124
6233714.5	39.96635597927664
6237527.0	34.987042440966036
6242815.0	38.517325080160816
6250476.0	40.414120721929855
6258421.5	39.46936165606111
6263496.5	39.846879021413805
6267275.5	40.61955773091634
6273826.0	36.157839098895494
6281475.0	40.366176091069015
6289162.0	36.53442446841735
6292997.5	33.95942720763723
6296824.5	37.862985974297516
6304766.0	39.831500173770316
6312626.5	40.239325325298985
6318900.5	15.019959509024222
6322617.5	8.70743639921722
6327478.0	30.06803356226285
6335160.5	36.1490655723796
6342929.5	38.95776211127782
6348317.5	37.22459079440615
6352031.5	29.904241507079718
6357831.0	39.99617746515309
6365211.0	20.13115684967738
6372558.0	38.09485467744076
6377309.5	41.137598707574895
6383654.5	40.2801118278065
6392565.0	41.04936933827583
6399949.0	36.7166338217705
6405276.0	40.05774393948302
6409026.5	38.62718400110894
6414777.5	40.67968484062413
6422058.0	39.728475690191274
6429294.0	19.012970947479673
6434100.0	16.71026662744364
6438108.0	41.39007117063422
6444465.5	41.14347108248785
6451850.5	36.630706021164606
6459185.5	36.31250039254109
6463280.5	11.450356280152604
6466879.0	37.62963148658812
6473476.0	40.54577334415631
6480663.5	30.053890781785167
6487868.5	39.894008898932775
6491865.0	39.51222531723924
6495388.5	34.618552928823696
6502007.5	41.13819350116478
6509086.0	41.19741821079686
6516176.5	38.50131389574201
6520247.5	40.65376061463809
6523719.0	40.97613556486328
6530220.5	37.53171936139108
6537216.5	39.95859564681842
6544559.5	36.733905998834
6548857.5	39.53304797828319
6552408.5	39.457097486101674
6558994.5	40.358490723927
6565968.5	37.638039882881
6572944.0	24.9545674286868
6577049.5	40.11040485314705
6580590.0	41.04561917902725
6586965.5	40.592089812403245
6593905.0	26.218923285362436
6600750.5	38.02293299207031
6605184.0	40.61626027588129
6608785.0	37.253974140451724
6615049.5	40.45672469080978
6622120.0	40.57345783278696
6628902.5	31.66091909273788
6633485.0	36.360365731773726
6636875.5	25.810012834481714
6642454.0	30.0442684192705
6649168.0	31.178754082659594
6655962.0	38.51970446862832
6661285.5	41.3592337634173
6664624.5	40.603038875196056
6669426.5	42.0
6676112.5	37.2679336411735
6682849.0	39.3912303720074
6688926.5	15.765681659138622
6692223.0	14.4661109663975
6696296.0	40.290217082533125
6703232.5	29.625320845627417
6710003.0	40.45293543680832
6716602.5	37.1559705840845
6719996.5	34.60383064516129
6723270.5	24.638561776673555
6729736.0	34.087366659130645
6736397.0	38.067386810588204
6743101.0	35.65230900084355
6747507.5	38.0216992738187
6750762.0	29.38430873321206
6756195.0	35.909963027229864
6762683.0	37.779393688281196
6769327.5	39.12550952378167
6774890.5	34.73657221341902
6778149.0	32.92468651034836
6782620.5	38.5713781449706
6789306.5	31.25330907137047
6795846.5	41.06647520392899
6802294.5	34.591118717278
6805520.5	19.073333333333334
6808719.0	40.786819441898665
6815184.5	34.77174167880359
6821691.0	22.09482763089012
6828134.5	35.86611689110036
6832672.0	7.149802148106275
6835860.5	15.745597853429482
6840908.5	24.284563896966464
6847385.0	34.009665536213184
6853852.5	40.70536703876232
6859753.5	39.930313183587046
6863267.0	19.32468011973258
6867225.0	27.978973769357562
6873615.0	37.91010312866705
6880032.5	38.682325741485855
6887088.5	40.869221867302656
6892587.0	25.80380394400435
6897391.5	29.68585694343891
6903794.5	38.233262179441056
6910167.5	22.819782817759258
6916365.5	14.288093943172472
6919527.0	35.378588560215135
6925507.5	41.15189730022586
6935464.0	26.587006655523883
6942758.0	30.885346934438424
6946937.5	24.381250412962242
6950279.5	37.749526007984834
6955802.0	27.2852769717798
6962213.5	38.91758629487427
6968573.0	40.48027254000951
6974020.0	40.47780163790347
6977135.0	40.32449563716004
6981076.5	35.38971939751705
6987406.0	40.09123825665271
6993656.5	40.85900801394764
6999849.5	40.47664799280137
7003895.0	40.907357938541494
7006967.5	36.487211890038516
7012198.5	38.62538017189479
7018396.0	40.78185154083368
7024635.5	36.54285766003856
7030558.5	39.496292073588464
7033620.5	34.446098411010695
7036975.0	8.107230232390421
7043191.5	22.30894987329254
7049416.5	40.462986065962646
7055545.5	39.31419719962887
7060203.5	40.937085054565244
7063253.5	41.37163365535107
7067755.0	40.054357091509985
7073851.0	38.47680407356657
7079964.5	38.37012708416552
7086173.0	40.43786628412504
7089795.5	10.965802629920598
7092804.0	36.329558320157645
7098391.5	33.98382602043604
7104559.5	40.108024713495304
7110687.5	37.33774284245218
7116228.5	39.98083223449718
7119241.0	39.899746908077425
7122884.0	29.51332195094022
7129042.0	38.435721549094296
7135081.0	35.97591857430124
7141147.5	39.26077821607219
7145703.0	38.88343773490353
7148641.0	40.99072347330287
7153055.0	38.85633971716434
7159017.0	39.313984613917874
7164934.5	35.48094080284175
7170814.0	37.56369716269451
7174720.0	25.598700592822926
7177631.5	36.349881826730034
7182492.5	38.07952186633396
7188418.5	36.049152401911584
7194325.5	23.525191215436593
7200225.5	27.88532513372242
7203695.0	38.91367268608821
7206594.0	28.412500167025215
7212015.5	33.44539016169632
7217911.5	33.94448827227415
7223711.5	33.692919166198266
7229496.5	40.53451461561475
7232512.5	36.123681125439624
7235347.5	37.476982625212294
7240929.0	38.37548440679374
7246625.5	37.12392390820839
7252277.0	38.40563735243401
7258121.0	37.20037398879334
7261147.5	0.0
7263969.5	41.121494441120994
7269568.5	30.379057968065336
7275154.0	22.95587541894458
7280925.0	30.448401946703395
7286755.0	35.1564682066424
7289653.0	21.094284188034187
7292498.0	36.29954256335078
7298042.0	5.45433604420746
7303584.5	37.564196894160794
7309167.5	40.437605876296686
7315017.5	41.26623203661445
7319160.0	35.852009833178215
7323005.5	41.25664783905566
7328514.5	39.15107402897802
7334309.5	39.73639508765789
7340084.0	38.253577326957206
7344681.0	34.538406423454695
7347467.5	40.59190931569024
7351126.0	40.346538663598665
7356600.5	32.89284755621943
7362047.0	38.12366864313769
7367497.5	41.13591828321462
7372630.0	32.465859842947516
7375351.0	8.176587136411316
7378359.0	13.806234530471864
7383896.5	21.021400113830392
7389526.5	37.43801170750411
7395022.0	41.14693731409056
7400435.0	40.79000374965912
7403314.0	35.95418175316258
7405993.0	33.049095157924846
7411150.0	39.55108894462238
7416459.5	29.553020852649148
7421809.0	39.07294822923794
7427220.5	38.441814032160146
7430951.5	41.06622282448595
7433585.5	33.99544146377329
7437923.5	39.8314406133344
7443314.5	34.830060343925496
7448613.5	39.19170215934475
7453901.0	37.2921733973908
7458501.5	41.010030294199375
7461137.5	39.592018558053994
7464457.0	40.57072995987209
7469710.0	34.82426787322461
7474938.5	40.054175848936325
7480778.5	31.95495643415621
7486468.0	38.124654987449354
7489100.0	26.377742705366078
7491886.5	15.034892086330935
7497087.0	33.12962076688937
7502277.5	39.450858461208284
7507477.0	36.62252332591267
7512669.5	39.7002992493689
7516332.5	39.282130019556575
7518949.5	38.33245642051472
7523225.0	28.91757502233167
7528597.0	37.378886622190365
7533832.0	40.915961585021385
7539000.5	40.53493237512965
7543727.5	40.83781763140996
7546306.5	40.19589156246717
7549360.5	37.10664563215406
7554539.0	41.02868228537928
7559638.5	40.540732565971275
7564749.5	32.28668707676448
7569874.0	36.806385123171495
7573391.0	40.271787547548676
7576232.0	35.634269248954325
7580656.5	37.70434628262536
7585738.0	37.72475250541196
7590849.5	33.821465825118956
7595941.0	2.390637630549358
7600642.5	35.26081341893168
7603246.5	37.045379889287666
7606177.0	6.768970637339528
7611224.0	37.95233980672475
7616251.0	32.50297629448424
7621248.0	34.191089032457334
7626395.0	15.167087130796544
7630167.5	40.62318289314833
7632655.5	39.80181493419837
7636554.5	36.95054999918725
7642243.5	18.803833644686122
7647922.0	38.14516215857339
7652943.5	38.23698768250852
7657603.5	38.00740125943242
7660083.5	32.445537999823465
7662898.5	39.29454813765015
7667907.5	40.70644686817873
7672879.0	38.15103137369467
7677927.5	33.23367806233108
7682998.0	27.51178536583875
7686870.0	40.897401999007585
7689353.5	37.83069571472613
7692913.5	40.506601678712585
7697817.5	39.2532137998502
7702705.0	17.119914761720263
7707570.5	12.488509253609925
7712419.0	8.15704688237644
7715784.0	40.97534970922031
7718208.5	40.256789336885774
7722111.0	32.414687751273114
7726954.0	40.0731447437241
7731812.0	32.15554055284971
7736636.0	40.051723429041324
7741444.5	39.74238495551067
7744532.0	36.07970618627948
7746997.5	39.96241891891892
7751334.0	34.80361408304661
7756385.5	40.39595238095238
7761298.0	17.66456355232886
7766097.5	14.165841201906106
7770883.5	39.996959413383394
7773473.0	38.795678271308525
7775833.0	37.15926899885781
7780370.5	39.668349487908856
7785221.5	31.215178765289135
7790034.0	40.89907301200871
7795469.0	28.761131500162907
7800356.5	12.238538634402587
7802695.0	8.936670115537162
7805617.0	39.864653805336175
7810404.0	37.77065380939497
7815187.5	40.7700590001917
7820021.0	32.34792201824052
7824800.5	34.601189208557706
7828873.0	28.945937850470546
7831166.5	33.94244166026541
7834011.5	40.36032701454368
7838614.0	41.04108019269769
7843247.5	24.79330402067753
7848908.5	16.84700746590979
7854519.0	40.34782582088852
7857952.0	39.024523130771684
7860223.5	39.164594846321016
7863758.0	36.89018469819803
7868433.5	26.09995275877989
7873082.0	39.32676084093983
7877723.0	37.87048784001585
7882317.5	38.24046373450255
7886115.5	39.9719678414682
7888377.5	29.680983643039948
7891441.0	40.858314993269374
7895938.0	41.249934823474526
7900456.5	35.1953980355483
7905041.5	33.890707569910404
7909597.5	40.872997408320096
7913951.0	34.029555109212694
7916199.0	38.80455808782657
7918580.0	36.397434363973446
7923052.5	34.9286988168527
7927604.5	40.72663589454705
7932143.0	28.519653834185636
7936592.0	39.429773789503145
7941073.0	34.534482351856184
7943928.5	29.741802810464982
7946131.5	38.61896595853596
7949928.0	37.412605606221675
7954400.5	38.261744361210454
7958871.0	40.312104877378374
7963262.5	32.42628710034251
7967694.5	14.720205116114583
7971462.0	41.09485498827192
7973651.0	40.59459346797557
7976710.0	9.04780759236635
7981437.0	25.12605161673094
7985936.0	41.1614129682047
7990281.5	38.64284069451481
7994672.0	20.563582310100976
7999056.5	35.170878264397516
8001345.5	8.226913700633837
8003615.0	37.779019286055146
8007917.0	35.42931866633909
8012261.5	27.099033016263625
8016576.5	38.4625611114057
8020840.5	39.711030699340064
8025089.0	40.786516610798984
8028578.5	40.94782826736832
8030761.5	18.46185433099735
8033657.0	21.956114774149103
8037928.5	37.6715964314209
8042173.0	34.852083636540044
8046383.5	29.256837425301747
8050591.0	40.221764845680255
8054741.5	29.92051815039136
8057631.5	39.807979835591325
8059682.5	41.544685381296574
8063158.5	34.4408314526473
8067425.0	30.281001948761823
8071572.0	30.51641161370613
8075896.5	30.313194145988373
8080165.5	40.34803104472137
8084239.0	16.035402635996988
8086584.5	21.53434739941119
8088618.5	26.80486466313964
8092391.0	40.29260050126221
8096546.5	32.18092892374249
8100685.5	32.466424389666095
8104761.0	37.148258508056564
8108797.0	39.58696405570413
8112952.5	22.278500694517344
8115242.5	34.09342663589667
8117266.0	37.937477782902604
8121195.0	35.622303251777566
8125213.5	36.33345507669832
8129157.0	23.30658938954865
8133127.5	36.64221324724855
8137120.0	32.24171469351124
8141069.0	15.976704471904966
8143441.5	8.591247000826002
8145559.5	20.258296478746423
8149257.5	35.35136513086427
8153271.5	21.93840647899581
8157254.5	37.730503227506254
8161170.5	30.299010722566823
8165081.0	30.063758118701006
8168982.5	18.32998085880882
8171628.5	38.2822068707991
8173587.5	40.92032252715104
8176782.0	40.76939073945844
8180654.0	40.76569765831858
8184540.0	7.3532520481065395
8188411.0	40.59078761134747
8192346.0	24.05437503911873
8196322.0	35.05033936277782
8199544.0	25.739664676978812
8201467.5	23.121584163273315
8204072.5	38.05891048562696
8207920.0	23.403171057530166
8211754.0	29.448368348507064
8215596.5	39.52876427206228
8220295.5	31.51897022718628
8225072.5	35.98058113624263
8228172.0	32.42730423924043
8230071.0	30.341981429073243
8232747.0	22.807831210796426
8236529.5	40.11264931073507
8240326.5	30.24419778160645
8244130.0	38.581110385862324
8248153.5	28.113825548448208
8252146.0	38.1167025792178
8255887.0	37.40784191796068
8257922.0	36.67277207010367
8259972.0	31.920351960177737
8263744.5	40.7314582525988
8267584.0	40.388360332736205
8271424.0	26.327533451075304
8275171.0	26.162578795436247
8278891.0	40.60311877887705
8282641.5	35.05578386730886
8285375.0	19.49429998719098
8287215.5	24.603655266306365
8290076.5	13.975746344025207
8293894.0	39.478481243470206
8297691.5	41.30087483759203
8301375.5	14.538980007334438
8305038.5	34.67449750448589
8308726.5	32.45214531725615
8312433.5	5.1764894960394905
8314491.5	22.612457830487255
8316316.0	38.077831330686315
8319788.0	8.240983590184074
8323599.5	14.573468680054223
8327370.0	36.74518794765968
8330998.0	18.37123184146444
8335038.5	28.726182504810176
8339138.0	30.766412431392116
8342092.5	31.85731781391513
8343906.0	25.197086832068635
8346441.0	10.512574626865671
8350049.0	23.667986156021918
8353658.5	40.18658636844832
8357275.5	25.672925101363155
8360973.0	21.64631836563081
8364663.0	26.818466686725326
8368302.5	38.937910874724
8370894.5	40.80978147312905
8372706.5	29.16867334363569
8375587.0	38.13918089722911
8379207.5	20.71396274162586
8382786.5	39.06763182948628
8386472.0	34.15711880283766
8390153.0	39.39059060360558
8393693.5	29.64343824589823
8397257.5	38.47141822655684
8399592.5	40.66693437356586
8401374.5	33.89013643188198
8404370.0	32.68712751533832
8407879.0	28.84754413673396
8411397.5	34.837095047093435
8414909.0	37.30536463142057
8418410.5	36.86798765720027
8423083.0	32.67899582287947
8427305.0	28.579595677684257
8429051.5	31.34612175267481
8431332.0	29.120491478398733
8434906.5	32.06744913928013
8438394.0	39.214496861021544
8441874.5	39.813383148535
8445369.5	29.565018883759965
8448856.0	13.502942579926833
8452321.0	40.56793576650406
8455566.0	21.922881176221107
8457351.0	14.14096315071164
8459414.0	15.066563180184588
8462922.0	36.90629880270692
8466367.0	34.334407830540776
8469792.5	22.387068332108743
8473200.5	16.90314966305092
8476646.0	39.65364710893409
8480179.5	32.475265101550875
8483676.5	14.001628761842145
8485464.5	12.164711632453567
8487179.5	17.96400760007485
8490506.5	37.763929246480664
8493902.0	37.88849607620566
8497296.5	35.55963860093581
8500712.5	39.901470573426295
8504116.0	34.65843485980164
8507829.0	35.35540593607459
8511555.5	34.02987021904827
8513639.5	37.09052927588631
8515333.0	36.60055082153965
8518337.0	39.28613187860933
8521730.5	40.72177704605966
8525106.0	40.701010567620315
8528462.5	39.253161506758005
8531821.0	5.683436416012993
8535279.0	38.276785913494365
8538733.0	28.61499525837005
8541455.0	39.78976408322441
8543148.0	34.80757429804845
8545467.5	25.069790086998164
8548817.0	37.21428212068462
8552179.5	39.87116002671286
8555534.5	20.383122571370812
8558870.5	38.63530773247527
8562224.5	29.250815684386183
8565584.0	34.06737375887897
8568912.0	34.96325761540877
8570772.0	18.773762123532414
8572436.0	21.32846707009926
8575559.5	30.93564128153068
8578893.5	27.681049462954096
8582221.5	38.49335368836558
8585558.5	27.61182112519474
8588882.0	0.0
8592187.0	40.239639192736135
8595497.0	21.652112219925947
8598298.0	40.90580622663076
8600004.5	39.407573433997875
8602204.5	24.916344325448044
8605489.0	13.504902810449424
8608781.0	7.97561644300234
8612073.0	35.99418648053451
8615347.5	39.49854571432216
8618616.5	12.173743063230068
8621875.5	39.782576335184984
8625170.0	6.628302520004607
8627382.0	36.96223805584026
8629006.0	39.51535545245064
8631718.5	34.13727324705026
8634966.5	17.05598510511753
8638222.0	39.29532026143791
8641503.0	37.701742873200004
8644749.5	28.75519140969637
8647981.5	34.23751935891523
8651202.0	40.163817891847344
8654408.5	40.49061685197268
8656211.0	38.24672586015538
8657874.0	36.39824615366058
8660956.5	33.62983435047951
8664158.5	39.77306109634812
8667343.5	35.735032520638626
8670628.0	28.564815798117603
8673905.0	18.980388410464972
8677070.0	27.716829907380163
8680230.0	34.73137151155591
8683342.5	27.57694063082066
8684913.0	7.494845360824742
8686544.5	36.25762057689777
8689744.0	32.17266803788002
8693054.0	31.02010040671073
8696326.0	38.67255740724237
8699457.0	36.70326086177358
8702595.0	17.98719912296258
8705720.5	41.02170706359583
8708822.0	30.201776303834272
8711861.5	40.330213258708866
8713424.0	34.9471439648488
8715063.0	29.298468902265753
8718221.5	18.286072658329513
8721380.0	4.24269213254869
8724489.0	28.78231572076945
8727716.5	36.02504116423518
8730941.5	39.33147768301169
8734039.0	40.47832166504798
8737134.0	33.23436986494311
8740214.0	25.76474446231902
8741790.5	27.96880415944541
8743325.0	32.349267424987126
8746357.5	39.137631429830634
8749449.5	40.237072251642196
8752544.0	35.46875767503719
8755626.5	40.21109367198943
8758706.5	22.790876883417653
8761768.0	18.216478487601467
8764818.0	39.30137575236458
8767877.0	36.79909119062366
8769857.5	39.71176842822606
8771379.0	38.94514437233559
8773978.5	4.011543134872418
8777028.5	16.996381615291128
8780107.0	30.354299697632463
8783175.0	36.430866728457346
8786219.0	39.10075707288043
8789257.0	33.227504423287556
8792418.5	19.449461733627473
8795575.0	28.781370296470968
8797929.0	39.8284348489609
8799464.5	26.949953643949172
8801652.0	38.64075784385655
8804656.0	34.59214689174619
8807660.0	38.232418378168795
8810649.0	28.565780265920225
8813638.5	40.77652226032445
8816636.0	18.244984486427654
8819624.0	31.62399471573922
8822612.5	36.94958666628189
8825599.5	38.287421694365946
8827169.0	5.02906976744186
8828654.5	14.475782966669314
8831542.0	10.430900915954005
8834500.5	39.06213916928072
8837554.0	19.364213706769736
8840612.0	27.825253969448415
8843576.0	15.466333276770177
8846534.0	6.3584227739647154
8849506.5	26.469965038329537
8852537.5	40.14085769405232
8854897.5	2.281782812678796
8856367.5	27.9932468220339
8858483.5	11.742358923026174
8861427.0	23.53073510153822
8864392.5	39.656852113839236
8867361.5	10.094471896652646
8870471.0	17.274323947588513
8873578.5	40.52209161320607
8876514.5	40.851749580896744
8879443.0	11.059438807465865
8882362.5	32.221250901225666
8884009.5	37.45561967573509
8885471.5	39.92729426674381
8888205.5	8.411682265190745
8891140.0	26.59239648636324
8894073.0	40.25890400899298
8896990.5	40.38344055667601
8899899.5	19.175839997816414
8903538.5	20.943550996821727
8907189.5	11.20266334483049
8910160.0	27.643626334436664
8912170.5	26.390974087991932
8913621.5	23.307503083602207
8916020.5	34.92329678362573
8918927.5	38.02269354350676
8921829.0	26.93680467586728
8924723.0	35.851399990651146
8927613.5	39.63335471206732
8930491.5	12.988860810420045
8933377.5	34.009198715382496
8936277.0	30.30597568647271
8939169.0	37.03424331626275
8940882.0	30.100990978357405
8942313.0	39.8424941827558
8944906.5	40.167826687763394
8947798.5	19.45971315357896
8950684.5	31.30669113399259
8953531.0	33.19247795573151
8956427.0	12.25153602447608
8959390.5	37.91878531371984
8962311.0	8.858480314871318
8965161.0	37.91343911842338
8967993.0	40.92420339598892
8969516.0	32.109455958549226
8970946.0	40.198886206364136
8973687.0	34.339535985288244
8976531.0	37.50946330322302
8979361.5	18.100467750796028
8982175.0	31.259841998411158
8985080.5	22.883937215199953
8987984.0	32.54472964763062
8990804.5	37.02051516338163
8993637.0	29.950586916719427
8996485.0	28.170527081061433
8998008.5	35.19822660098522
8999414.0	30.698341152815015
9002127.5	34.43097177349146
9005147.5	36.21055107600407
9008164.0	34.88714646334552
9010960.5	37.40970351506134
9013782.5	30.769332709697537
9016596.5	39.386897344187474
9019382.5	27.732713247375308
9022171.5	40.046582650492915
9024960.0	20.987036082902588
9026464.5	2.330201342281879
9027855.5	29.67328279883382
9030547.5	3.866191442555296
9033393.0	26.430658836476645
9036233.0	34.08615167851629
9039028.0	39.10801559057787
9041810.5	25.483749328796296
9044584.0	39.71825483459536
9047348.0	40.28166923056266
9050123.5	29.705085044332662
9052893.5	31.5118536161877
9054661.5	39.38647532022142
9056045.5	31.39159360177409
9058418.0	35.6077129357681
9061169.0	40.49620493358634
9063917.0	21.033807142230412
9066671.0	27.94117312511082
9069422.0	34.93123602470721
9072189.5	20.342564806808742
9074953.5	7.438338096284898
9077687.0	36.16602401478198
9080968.0	28.094026734677367
9083204.5	38.6753924610202
9084581.0	26.197920718953142
9086997.5	27.729517037510487
9089734.0	27.569338954411236
9092470.5	37.63271132117891
9095190.5	16.58058291542531
9097983.0	17.513213111290426
9100813.5	23.884888666499876
9103567.5	27.117569159672307
9106281.0	41.53440602533379
9109005.0	39.105922180322246
9111186.5	40.81695582288966
9112576.5	36.980363003757475
9114505.5	39.76689380479138
9117210.5	25.68026416145083
9119928.5	36.500028745671564
9122641.5	37.907657197853474
9125338.5	32.75113490635499
9128028.5	19.222983749299537
9130707.5	37.538528138528136
9133417.0	22.204740939922747
9136145.0	37.20833033387564
9138843.5	8.270143412823211
9140330.0	38.577918844909135
9141664.5	39.01241984971247
9144188.5	27.433201850742293
9146861.5	25.44017779358165
9149533.0	25.179886175347598
9152198.5	13.367056833123385
9154863.0	31.153231633881976
9157518.0	38.809579485553485
9160230.5	35.84296725412233
9162951.0	30.602409233715832
9165666.0	20.17836647914354
9168000.5	37.3997724226081
9169323.5	29.756193665960694
9171072.0	28.744132242489272
9173788.0	39.397521999872595
9176451.0	41.73309932397296
9179085.5	33.75481100433959
9181727.0	33.300336729407704
9184417.0	9.724437162449178
9187119.0	36.00392525705589
9189782.0	36.332190764396074
9192421.5	38.71180322302031
9195049.0	37.27837586753375
9196892.0	33.605394581580235
9198217.5	35.58647812836142
9200319.0	34.51475016163295
9202953.0	8.161993632394955
9205589.0	27.130546478631008
9208208.0	38.63495632858455
9210835.0	39.075835531717885
9213460.5	39.12387285581826
9216074.5	27.00474576919217
9218686.5	6.519761150121702
9221297.5	26.577606070236772
9223908.5	18.454423661565414
9225556.5	24.52716682199441
9226860.0	38.998975890021
9229125.5	29.401132215827065
9231733.5	10.665800774002015
9234343.5	15.555039993057264
9236955.0	30.21080445215089
9239561.5	18.722789428099
9242158.0	35.196114937226085
9244754.0	32.67395226620491
9247359.0	10.741772151898735
9249954.0	40.48316097658154
9252527.5	37.4013633265167
9254092.0	29.930876592927678
9255382.5	37.88394259719858
9257680.0	39.660672105969795
9260292.5	9.08866932540648
9262895.0	39.94663811563169
9265450.5	12.840049933771049
9268012.5	32.91161828904036
9270567.5	25.60193324502731
9273135.0	8.282790861024441
9275746.5	33.734181883317355
9278333.0	40.485043658071966
9280897.0	39.08602503678744
9282518.5	34.14829732698645
9283814.5	40.41154167804109
9286046.0	27.35377855887522
9288603.0	9.59629387486213
9291156.5	35.226628314958944
9293685.5	26.146242170852453
9296230.0	31.029000812347686
9298773.0	36.41215159281461
9301292.5	31.615843702494228
9303812.0	30.79354427116476
9306332.5	23.458188048575206
9308846.0	39.49457924228614
9310714.0	37.661866049945104
9311974.5	35.89466673497618
9313902.0	31.868426799213868
9316427.5	41.29323348584501
9318923.5	17.135996524335223
9321418.0	40.36012568484259
9323908.0	12.828184855090221
9326407.0	25.76443897792811
9328904.0	24.3999729576246
9331387.0	24.97896435807524
9333877.5	22.155406400314124
9336366.0	31.734585654261064
9338702.5	39.770574462747724
9339946.0	27.447976483456387
9341332.0	37.757160223451
9343810.0	25.88331371394938
9346278.0	6.79404941635674
9348748.5	16.71377040059347
9351255.0	38.05085057563534
9353744.0	28.56378164180074
9356199.5	36.82816730377245
9358671.0	3.4433310372016654
9361134.0	37.63620523155729
9363570.5	24.462526578724635
9366443.5	36.70719322559838
9368190.0	34.16542869269949
9369405.0	39.904351468363295
9371762.0	9.4351155203409
9374207.0	16.603938432135422
9376632.0	39.327094335539975
9379042.5	25.346791465059095
9381481.5	2.982805011351215
9383966.0	33.812408696399416
9386507.5	29.60813220839384
9389023.0	5.721492263941775
9391437.5	32.17622850871845
9393831.5	35.99007879749304
9395892.0	19.519007761440516
9397094.5	35.73031323185012
9398637.0	38.247887352727794
9401021.5	38.205617072679686
9403406.5	38.65008545042884
9405795.5	32.97193760590053
9408175.0	15.6021551939508
9410549.5	21.66913250273592
9412912.0	35.059649031451784
9415292.0	3.621800258932019
9417671.0	32.39737619789105
9420125.0	17.574518652867084
9422603.0	36.675546045201614
9424514.5	38.40121021714205
9425690.5	37.83385652136825
9427329.0	25.42772925764192
9429734.5	30.09129506830866
9432149.0	2.8120940522449445
9434500.0	13.40666746230656
9436844.0	39.10055991801114
9439225.0	39.875783856979346
9441601.5	30.800875709409443
9443936.5	39.901934205943206
9446273.5	33.757360593356395
9448607.0	0.0
9450934.5	21.62968883963504
9452901.0	38.5748821249895
9454311.0	17.243469343696027
9456082.5	11.444499612102405
9458399.5	29.066273471086863
9460711.5	34.55283535150289
9463036.0	25.667020487691392
9465372.0	5.594389686450968
9467695.0	37.85859968881974
9470001.5	35.19959399852068
9472300.5	37.563503720679186
9474654.5	24.79771659765002
9477008.5	24.283290954746004
9479302.5	29.070354137921704
9481312.0	40.539743708181014
9482457.5	40.44148613637616
9483882.5	40.020020002759004
9486173.0	37.64396333754741
9488466.5	8.291289998565073
9490770.5	36.767264263152505
9493068.0	39.769790987737785
9495367.0	35.276128404654656
9497667.5	39.97821564019545
9499952.5	35.09381724286329
9502236.0	27.913960527395936
9504514.5	19.187477855202552
9506788.5	21.477371941207096
9509060.5	33.678438716745376
9510424.0	39.47683807904802
9511560.0	27.65510406342914
9513600.0	14.420091324200913
9516072.5	37.08184936207244
9518548.0	24.331613270862352
9520817.0	29.791668930667246
9523161.5	32.1394310899634
9525502.0	31.134661079189527
9527768.0	35.57852805498023
9530032.5	12.401938463539972
9532290.5	31.91531444534497
9534594.5	11.847636748664344
9536897.5	41.14720554356305
9538575.0	36.61030880758034
9539698.0	24.119281183932348
9541399.5	37.28682917548968
9543662.5	34.91197124600639
9545918.0	40.22044128227676
9548162.5	40.08407168822638
9550412.0	39.785978029915896
9552653.5	6.656944545388473
9554891.0	18.118611282077048
9557132.0	33.697388059701495
9559384.0	11.587438855682864
9561632.0	24.908251919679874
9563860.5	23.58043476380371
9566097.0	33.8204059243006
9567410.0	10.669989584883202
9568517.0	10.363261774279946
9570544.5	22.29328183824484
9572771.0	24.304140198455794
9574991.5	39.970517504704205
9577216.5	36.60834102496049
9579441.5	32.59870310935614
9581655.0	39.42495729708966
9583868.0	36.07771077769484
9586081.0	38.22830407974312
9588290.5	40.698402623505764
9590513.0	2.249865537433621
9592729.0	39.36809065123177
9594914.5	18.88144101579802
9596040.5	11.45499689633768
9597133.0	15.928865453867783
9599285.0	38.057470658514305
9601544.0	22.892489667805435
9603815.5	8.349655351934558
9606011.0	16.077243104852787
9608192.0	31.37851161944057
9610381.0	33.4566868485055
9612564.5	30.287146361157237
9614739.5	32.91309679462712
9616945.5	27.889270983655216
9619144.5	11.825569671304699
9621363.0	16.780678710718608
9623525.5	13.671067308305181
9624609.0	12.485572139303482
9625751.0	35.746622294279945
9627930.0	24.832739866347982
9630140.5	29.041200392142624
9632335.0	39.15130130412691
9634505.5	38.63219184465361
9636780.5	24.045545921170778
9639039.5	40.91709977872691
9641207.0	30.883478551515104
9643373.5	32.99905593580363
9645530.5	6.7153416878793815
9647687.0	4.399327274028484
9649849.0	29.44242252812873
9651981.5	19.715395701485054
9653058.5	14.747252747252746
9654160.0	39.159141658951036
9656297.0	25.386322024771136
9658468.0	13.430033165963302
9660644.5	34.90695142898533
9662790.0	22.130159521435694
9664927.5	30.439302594265307
9667057.5	7.435207421584523
9669185.0	39.880869463139774
9671306.0	29.221502884348943
9673744.0	24.51364131937758
9676186.0	19.001526765127437
9678313.0	10.221686617926675
9680439.5	7.038516246410152
9681512.0	3.821631878557875
9682614.5	9.88777106559224
9684765.0	40.01592829309152
9686875.0	36.71405253761795
9688987.5	27.667147331185365
9691129.0	33.85236878024569
9693265.5	39.4656158047689
9695383.0	32.266249410619494
9697506.5	15.997666673403895
9699648.5	35.26496342845369
9701775.0	12.148167488006266
9703868.0	17.34967071819156
9705964.0	39.67566422081534
9708060.0	17.18984315055049
9709540.5	21.20427344347424
9710581.5	27.42289765825824
9712227.0	37.20924931257034
9714317.0	20.959645653831856
9716412.5	15.53211625982623
9718528.0	9.0984729605486
9720634.5	39.93241465913221
9722706.0	34.181941556582046
9724777.0	31.818017438979062
9727350.0	14.989349203262682
9729921.5	8.5004807886959
9731988.0	34.11767807843827
9734052.0	40.5386790997446
9736144.0	2.5096252170392077
9737827.5	36.845042704766406
9738858.5	37.95375995170358
9740304.5	32.60008444269625
9742371.0	38.428834826634244
9744431.5	35.33760538324697
9746498.5	17.559817476500722
9748562.0	33.459088882283
9750617.0	23.591747835497834
9752667.5	30.799228704482246
9754715.0	39.14140283009264
9756795.0	3.383485379832617
9758903.0	30.516348042782305
9760974.5	37.55891412772789
9763022.5	38.87456559513466
9765072.0	15.475374256200544
9766509.5	17.199458562570953
9767528.5	19.775900232143822
9769146.0	40.38258064516129
9771181.5	20.488452604448405
9773216.5	35.478350584084936
9775254.5	21.12709323156009
9777294.5	33.213066272348435
9779323.5	41.24038384646141
9781348.0	10.299736727252249
9783377.5	37.95609275838622
9785405.0	32.4723003546533
9787444.5	34.98472476780823
9789475.0	40.445654347874395
9791483.0	16.922078325413832
9793500.5	0.6771201359800886
9794955.5	37.04025734602506
9795958.5	37.1805021488351
9797525.0	38.114143731718194
9799543.0	40.26494708636696
9801558.5	7.525026973776798
9803590.5	35.381189669147446
9805615.0	11.932664429176404
9807613.0	35.939421868454126
9809611.5	19.638405380741542
9811611.5	21.28879955698669
9813611.0	40.10652123100896
9815606.5	41.17163875879472
9817600.5	24.96905179784888
9819590.0	16.307188456493222
9821574.0	11.945051891803546
9823220.5	6.648854023214637
9824219.0	10.096987509184423
9825570.5	3.3783855668602207
9827570.5	28.950232946048544
9829559.5	14.682163036316808
9831551.0	27.45056316179942
9833532.5	16.50619639516144
9835506.5	35.155963487617626
9837477.5	16.992350413915958
9840013.0	19.753761199186513
9842575.0	10.716715739848746
9844565.5	14.894562334217506
9846533.0	39.60796102047742
9848500.5	38.712831534446515
9850473.0	38.59463212542711
9851908.0	9.815720086855983
9852887.0	33.89230011492366
9854583.5	23.647956081685205
9856727.5	21.636574448306522
9858702.5	38.97378530670894
9860670.5	40.3859595527586
9862625.5	37.96534632961025
9864582.0	24.92108772486082
9866537.5	40.33921274143411
9868548.5	37.26812828271137
9870561.5	15.28553037578928
9872520.5	13.052763919112573
9874475.5	25.255192878338278
9876423.0	38.23945678784239
9878366.0	11.782042958767871
9880081.0	21.595664075866452
9881049.0	15.745101500441306
9882245.5	9.465774130857266
9884195.0	26.564068644690987
9886146.0	32.63616776716807
9888092.0	35.68513609049134
9890030.0	9.392247027709608
9891961.5	39.99777711080681
9893906.5	2.762079985390796
9895851.0	34.30778532904443
9897782.0	31.780440971591254
9899714.0	4.383347788378144
9901643.0	29.740298873401738
9903596.5	20.8070244723834
9905551.0	25.05338258677795
9907478.0	38.2982554420593
9908870.5	0.0
9909830.0	22.047770700636942
9911321.0	7.204898648648649
9913247.5	17.48365057908005
9915213.5	26.728615288484068
9917172.5	39.559907565039424
9919086.5	36.002068446784506
9921007.5	23.87111588526737
9922936.0	4.378299120234604
9924850.0	39.282911088823965
9926760.5	18.516520545423038
9928673.5	23.76109426421558
9930579.0	15.748674481732937
9932494.5	28.03742893409137
9934404.0	7.2821689407522205
9936300.0	39.49942009930465
9937512.5	18.255927219261164
9938461.0	36.10859339061271
9940091.5	34.15865334401003
9941992.5	38.819995109364726
9943911.0	32.86848106174498
9945818.0	35.603931805581226
9947706.5	36.65454512576626
9949601.0	13.591362416890236
9951493.0	31.160187063772455
9953379.0	22.65236912277503
9955269.5	22.254296188499495
9957159.5	17.22984871916319
9959065.5	23.464203716314817
9960973.5	19.178396887463638
9962860.5	15.133580356303785
9964741.0	23.39709468223087
9965965.5	36.24780396541103
9966907.5	26.645324383726262
9968505.0	21.344576802507838
9970386.5	38.45710731543945
9972267.0	38.18692830838679
9974143.0	40.30646589902569
9976020.0	16.83458834297125
9977897.5	9.867818766393096
9979770.5	38.30397510256048
9981643.0	7.375605286200085
9983513.0	18.813446117543545
9985379.0	34.36640278887356
9987249.5	16.714516999460333
9989109.5	9.598627383517737
9990993.0	17.252449188656595
9992881.5	38.3526898426879
9994267.0	38.84397901769271
9995197.5	38.85552525766049
9996592.0	38.713701539879075
9998436.0	37.234095403844634
1.00002795E7	39.237676580227344
1.00021235E7	27.908349918312787
1.00039655E7	38.01282364164799
1.0005818E7	22.33925462338163
1.0007669E7	35.39169158756989
1.00095265E7	3.796954083087746
1.0011385E7	35.564778319554456
1.0013223E7	36.36124567895224
1.00150575E7	33.1491275012854
1.00176825E7	24.513738212243464
1.0020307E7	16.967930847212166
1.0022134E7	38.43002915451895
1.0023123E7	30.674974892723455
1.00240365E7	32.62338041397483
1.0025785E7	18.84762993061655
1.00276085E7	18.801970067808853
1.00294315E7	21.024397762804423
1.0031254E7	16.85518831207712
1.00331035E7	4.5418945834630815
1.0034952E7	38.93135062030222
1.00368265E7	4.24316415163918
1.0038709E7	17.751060468815588
1.0040536E7	12.342253232095219
1.00423675E7	14.952796186869511
1.0044197E7	19.755441050912957
1.0046009E7	13.856651939126166
1.00478195E7	14.58908054251735
1.00496335E7	34.97006346233874
1.00511085E7	8.46256576284905
1.00520125E7	12.110771682826405
1.00532615E7	29.87301887585656
1.00550815E7	32.740367728456924
1.0056895E7	31.850228513393425
1.0058702E7	31.41874094246174
1.00605385E7	17.536845138134282
1.00623725E7	35.412053949243145
1.0064177E7	4.738025042704042
1.00659875E7	6.494132203516928
1.0067792E7	5.895605151549592
1.00696335E7	18.049311611750877
1.00714715E7	29.108065228849338
1.00732655E7	40.11960905063668
1.0075067E7	29.45409075206152
1.0076868E7	36.60197269242366
1.0078662E7	28.184213838362652
1.00798545E7	40.975896168108775
1.0080748E7	31.409026644915716
1.0082254E7	2.5517460860638206
1.00840595E7	25.2378865188368
1.00858495E7	9.96039832769596
1.00876365E7	22.072704802422116
1.00894225E7	23.51153422633567
1.0091205E7	39.898111212572694
1.0092994E7	20.81885269739712
1.0094788E7	34.01190292325405
1.009657E7	32.534471777724704
1.009835E7	12.452860496725565
1.01001535E7	15.24341659298556
1.01019515E7	13.919005623254169
1.01037235E7	41.28280573593074
1.0105492E7	10.362704693253937
1.01072645E7	32.41111149334343
1.0108389E7	4.775367421575086
1.01092765E7	7.368734861188746
1.0110818E7	34.78196382778845
1.01125955E7	39.976427059511174
1.01143655E7	18.199372106297965
1.01161335E7	39.87325149495535
1.011794E7	21.668366304149053
1.01197415E7	35.01556895826237
1.0121513E7	11.480593289492631
1.01232845E7	11.187903670766934
1.0125046E7	27.17348826977575
1.0126807E7	9.571093217865135
1.0128568E7	32.98173582571037
1.0130326E7	26.872985542776796
1.0132083E7	20.645738564420977
1.013384E7	24.76946741981037
1.01355985E7	3.4143221194137063
1.01367905E7	26.857203099467608
1.01376665E7	31.242213142206445
1.01391065E7	38.24877003915794
1.01408605E7	10.419968322018436
1.0142618E7	20.459872708722298
1.0144369E7	29.740389403748285
1.01461235E7	2.7900417968591484
1.0147884E7	8.708395823636563
1.01496375E7	32.32461893999898
1.01513815E7	31.919858897461207
1.0153121E7	22.220246416522208
1.0154858E7	29.719038141273
1.0156591E7	40.43627185866234
1.0158326E7	38.96161015933868
1.01600725E7	3.6951477733695897
1.01618135E7	29.05060733732476
1.01635435E7	39.3002428642838
1.01649925E7	34.5191549678647
1.01658715E7	38.81091826336802
1.01670285E7	38.66834964064214
1.0168752E7	37.96819173098001
1.01704745E7	21.38019508526686
1.0172201E7	27.21210172250935
1.01739255E7	32.27696177062374
1.01756445E7	25.321690622173083
1.0177364E7	35.17599831681227
1.01790805E7	15.09809831753165
1.01808105E7	12.620185312616645
1.018254E7	40.082554014833924
1.0184255E7	16.255610176081763
1.01859705E7	36.606881697398094
1.0187693E7	32.834663024727746
1.01894235E7	13.681969224189595
1.01911595E7	19.20930621529404
1.0192886E7	42.0
1.01938965E7	20.851986875683558
1.0194753E7	25.78088335220838
1.01963135E7	8.7162693137168
1.0198026E7	27.02888519748985
1.01997765E7	30.232384307750905
1.02015295E7	31.308994772456945
1.02032365E7	36.39695440956652
1.02049435E7	37.556648784949694
1.02066555E7	39.708465044896464
1.0208359E7	3.531400639726089
1.0210065E7	4.360757429955226
1.0211772E7	31.49050662143211
1.02134735E7	12.541007829795289
1.0215176E7	18.2707190424502
1.0216872E7	38.55030339233502
1.02185765E7	14.047583086756235
1.02202895E7	5.628937446189473
1.02218345E7	40.711427355786455
1.0222678E7	38.136288455176974
1.0223673E7	15.384132152262389
1.0225361E7	40.43831244196843
1.02270595E7	15.177618697993147
1.02287575E7	4.453666856168278
1.0230445E7	36.937396553402785
1.0232132E7	33.3816180272477
1.02338175E7	16.44030991735537
1.02354985E7	20.728276200404736
1.02371755E7	15.398507697671018
1.0238847E7	39.34018716818141
1.02405195E7	28.570209367512803
1.0242194E7	19.792939337974143
1.02438685E7	31.56731016731017
1.02455395E7	17.077435833540992
1.024721E7	38.128731534861885
1.0248882E7	28.733984728025252
1.02503585E7	32.04265799335843
1.02511925E7	38.34504168884158
1.0252221E7	37.748167752442995
1.0253889E7	19.12326656394453
1.0255556E7	11.866807592056825
1.0257239E7	26.989438956591997
1.0258918E7	11.033604870067034
1.026058E7	23.79187121817559
1.02622435E7	33.43684288245718
1.02639075E7	40.26027636872485
1.02655685E7	8.940442986054142
1.02672335E7	38.08521470347586
1.02689E7	2.0297334244702667
1.0270558E7	16.281437176550437
1.0272211E7	15.196687032711472
1.0273864E7	7.231878367653816
1.0275517E7	15.633561123766135
1.02771665E7	19.79916796671867
1.02787325E7	19.02608294590805
1.0279563E7	11.654289372599232
1.0280474E7	32.98534220317961
1.0282121E7	29.037676089139143
1.0283767E7	38.67472254360029
1.0285418E7	27.57287101165278
1.02870695E7	33.22227273652569
1.02887135E7	29.98094515453341
1.0290357E7	40.262456174470174
1.0292014E7	9.557874415196437
1.02936685E7	21.556453671403045
1.02953165E7	13.486472831465807
1.02969645E7	33.76610312764159
1.0298604E7	27.8056446116174
1.0300241E7	27.618947408334282
1.03018755E7	24.072505693358774
1.0303521E7	20.256070952894824
1.0305164E7	41.94392523364486
1.0306795E7	40.28808712617571
1.0307781E7	8.696003214964197
1.03086035E7	21.305565922561627
1.0310072E7	15.442835030549897
1.0311702E7	39.316897659161555
1.0313329E7	35.53242018511149
1.03149525E7	39.952504106525005
1.03165755E7	22.048323880665837
1.03181985E7	24.249770961709817
1.03198275E7	32.055780819283285
1.0321456E7	34.05152627660394
1.03230825E7	3.8411059737756683
1.0324707E7	22.345488472121193
1.0326323E7	25.909800139182245
1.03279395E7	40.68612075657914
1.03295555E7	40.781945129389776
1.033118E7	13.802443704994806
1.03328055E7	14.331300098638337
1.03344195E7	32.96104300001637
1.03358255E7	20.22177239426564
1.0336631E7	35.98451172149174
1.033764E7	29.252510201662744
1.0339248E7	1.0891038260720705
1.03408845E7	22.754973268958494
1.03425225E7	4.506009043312708
1.03441315E7	19.595386358791387
1.03457365E7	41.98999046711153
1.034734E7	8.92142957779552
1.0348944E7	25.15607792416514
1.0350554E7	6.804609617991866
1.0352174E7	18.523988395174836
1.0353788E7	4.420488354016457
1.03553905E7	37.54929778949856
1.03570735E7	21.969469609605092
1.03587565E7	37.80407906577225
1.03603565E7	26.53705304267102
1.0361954E7	37.32452694179131
1.0363553E7	39.259938754863285
1.0364627E7	17.21570528356762
1.0365427E7	14.129246964464743
1.03667505E7	39.85854612034838
1.03683445E7	6.757313237221494
1.0369938E7	19.113396997563466
1.0371529E7	15.111786935396797
1.03731165E7	26.17167578025285
1.037471E7	17.368942512916806
1.03763145E7	28.7890364121491
1.03779115E7	12.78050936724099
1.03794985E7	5.209926161323488
1.038111E7	12.843816962422196
1.0382727E7	32.289068778584685
1.0384318E7	26.46337147215866
1.03859005E7	34.33290205266287
1.03874815E7	35.990427047740255
1.03890615E7	29.631754503002
1.03906685E7	8.571044769531117
1.03922765E7	37.48278439225961
1.03932215E7	4.943087903831706
1.03940125E7	20.785058110983794
1.03954395E7	31.810778515571823
1.0397019E7	17.08715126094537
1.03985945E7	9.518449177002886
1.040017E7	4.688185389273828
1.0401748E7	25.178521365588967
1.04033255E7	2.842100977198697
1.04049005E7	33.6959067180563
1.04064905E7	16.457970545395696
1.04080805E7	18.861131123919307
1.04096535E7	32.06706918835204
1.04112305E7	16.783415027117798
1.04128155E7	24.56888000770416
1.04143955E7	6.348175058033548
1.0415965E7	10.549020575319485
1.0417534E7	18.85515594268053
1.04191005E7	3.1538010889792543
1.04206675E7	26.84501389317691
1.04216515E7	17.56738991332674
1.04224345E7	16.4629635606623
1.04238E7	34.10763061115115
1.04253625E7	37.59813821394762
1.0427338E7	17.461078673467032
1.04293175E7	17.623369930611055
1.04308835E7	19.974707840961024
1.0432444E7	41.85678889990089
1.0434016E7	27.956554178145087
1.0435588E7	9.860210341805434
1.0437149E7	37.3825863510752
1.0438709E7	19.876358307800636
1.0440266E7	7.949366521245443
1.04418225E7	24.345532398097987
1.0443378E7	24.488513964350396
1.0444934E7	36.646311003488336
1.04464975E7	16.867136951000205
1.0448059E7	13.391575001074207
1.04495805E7	20.960668235816236
1.0450359E7	0.0
1.0451168E7	18.04871133164243
1.04527415E7	16.098826285791525
1.0454316E7	38.60918751941665
1.04558675E7	18.747959503605635
1.04574175E7	16.091726175818764
1.0458993E7	26.41708315746175
1.0460567E7	35.1512421639192
1.0462115E7	31.380236558126384
1.0463661E7	33.53739514200047
1.0465204E7	14.369595814337728
1.04667465E7	31.666590315635165
1.0468292E7	6.384087864987945
1.04698355E7	38.002335669002335
1.0471374E7	24.500419936484608
1.04729145E7	37.67866719746419
1.04744575E7	24.667108798566982
1.04759995E7	9.166380446503455
1.04775375E7	41.342838321099194
1.0478553E7	38.93273542600897
1.04793215E7	40.223164228086965
1.04806285E7	6.350610549603089
1.04821935E7	17.26391353322559
1.0483741E7	23.144110963832606
1.04852935E7	11.901713882691636
1.04868435E7	12.435752864754397
1.04883765E7	31.256486440453436
1.04899125E7	7.266771881900173
1.04914475E7	0.39008480104370513
1.0492975E7	15.282906787422407
1.04945105E7	1.8458695260812819
1.04960525E7	40.49766647694935
1.0497582E7	9.555027644860761
1.0499102E7	37.172531785702304
1.05006225E7	8.898574104093548
1.05021495E7	32.330645938393346
1.05036765E7	39.85265950320212
1.05051995E7	30.29593032089834
1.0506618E7	27.241021430676604
1.0507376E7	23.20624663435649
1.05093175E7	30.714103549952146
1.05119165E7	36.527156204432124
1.05134325E7	38.401633118116216
1.0514953E7	11.095180994698408
1.0516476E7	33.43688924818108
1.0517994E7	24.591383812010445
1.0519507E7	17.709396182901727
1.05210165E7	21.2178141796775
1.0522524E7	38.1985452200086
1.0524041E7	34.05987757063367
1.05255575E7	25.354514567774608
1.0527066E7	36.46546712438675
1.0528574E7	10.774148913328721
1.0530082E7	36.44550257647903
1.0531619E7	5.207553670728112
1.05331605E7	12.133440286142598
1.0534672E7	27.312421264802218
1.0535587E7	31.33758515726917
1.05363385E7	40.75231914347523
1.05376785E7	14.724389539918029
1.05391795E7	13.864499323011716
1.0540677E7	18.05800494904611
1.05421795E7	14.383846335511297
1.0543681E7	40.54524474675088
1.054518E7	14.928916014658958
1.05466765E7	31.727977708262138
1.0548171E7	35.94165263798847
1.0549665E7	35.76446527873524
1.05511535E7	39.7481581043409
1.0552641E7	0.0
1.05541275E7	40.620964772308824
1.0555617E7	28.482317835625782
1.05571155E7	38.29506051291903
1.055861E7	13.446844880887435
1.05600945E7	40.492715145173946
1.0561577E7	9.267670157068062
1.0563073E7	13.236435782811794
1.0564027E7	18.011756664388244
1.056481E7	34.956172781288316
1.05661415E7	18.957485706033335
1.0567627E7	23.336155800169347
1.05691055E7	25.478793742944685
1.05705895E7	6.979970815945276
1.05720715E7	8.923954372623575
1.05735485E7	22.110321570516682
1.057503E7	20.626925902848964
1.0576514E7	10.820087465717886
1.0577991E7	41.459428708305886
1.05794625E7	19.915103094863415
1.05809325E7	26.144885919674948
1.05824085E7	16.685923317151
1.05838865E7	11.66448783716697
1.0585357E7	10.52866759100281
1.0586824E7	20.5782319103845
1.05882915E7	21.721649484536083
1.05897605E7	8.804641886075194
1.0591229E7	38.0273447833286
1.0592332E7	36.40577133479212
1.05930615E7	39.63982841512935
1.05941725E7	3.877133637620844
1.059565E7	39.273865701755845
1.059711E7	37.09983481222682
1.0598574E7	6.793064788435159
1.060003E7	34.175733777914274
1.06014815E7	39.04857225545051
1.0602968E7	11.814958056800188
1.06044715E7	5.145249276599782
1.06059395E7	40.706106471816284
1.060744E7	2.268049736828193
1.06089395E7	17.449223719259773
1.06103965E7	2.2557045955805854
1.06118535E7	27.28966255351297
1.06133045E7	33.521399795104664
1.0614754E7	18.907083961344092
1.0616201E7	12.729101877710972
1.0617662E7	25.265103712443782
1.06191205E7	29.478020555569937
1.06205095E7	33.58038765836131
1.0621247E7	32.63021132605503
1.06220425E7	23.682226749760307
1.06234875E7	31.488473241119262
1.06249355E7	36.42570839415213
1.0626384E7	39.73849431021918
1.0627826E7	38.18281709381404
1.06292705E7	11.626735164604739
1.0630715E7	20.9039931218953
1.06321535E7	24.093766146925624
1.06335925E7	17.898584931612362
1.0635031E7	25.168215143471116
1.0636466E7	35.56688360390003
1.06379005E7	39.45307984790875
1.06393345E7	31.508444063437633
1.0640768E7	32.34327555289899
1.06422065E7	2.5468972213105787
1.06436505E7	28.881453336499643
1.0645088E7	32.622626275674975
1.06465195E7	2.2090334561356215
1.064795E7	22.737664765600965
1.06491575E7	15.46204324663115
1.06498735E7	18.462429436871815
1.06508095E7	31.093589039939204
1.0652234E7	16.768464454005326
1.0653658E7	33.333305557870176
1.06550825E7	12.043051009818791
1.06565165E7	6.534170657199471
1.0657948E7	21.537300477407534
1.0659367E7	13.546754900623096
1.0660786E7	3.714311147076674
1.0662209E7	34.809642878204535
1.0663644E7	14.280820926957329
1.06650745E7	32.30060786650775
1.0666492E7	29.97679320262586
1.066793E7	30.29076180369767
1.0669369E7	24.641564184054165
1.06707915E7	7.2338619457910545
1.0672212E7	32.44625863968747
1.06736285E7	35.5343641425646
1.06750405E7	8.977837728077045
1.06764465E7	26.132629209592242
1.06776375E7	38.98101764758577
1.06783435E7	21.497105984208563
1.06792815E7	21.341420367430956
1.0680704E7	25.02559770212047
1.0682109E7	21.30997002476215
1.0683521E7	36.88986341851522
1.06849305E7	2.7939798125450612
1.0686335E7	30.01757689893283
1.06877475E7	29.200126222496664
1.0689155E7	4.350929316658606
1.06905735E7	16.144030737342334
1.06919925E7	26.12062769163863
1.06933905E7	0.0
1.0694788E7	26.224708664077014
1.06961895E7	32.59966558204164
1.06975975E7	13.403944860689544
1.06990405E7	26.929647202337005
1.07004885E7	23.095347125082824
1.0701899E7	28.61298946978978
1.0703294E7	26.12674633080299
1.07046835E7	18.538908410791205
1.0705989E7	30.354669371485514
1.07066865E7	27.955267337215457
1.07074665E7	26.11772428884026
1.0708858E7	35.06961949345817
1.0710249E7	35.486247148799144
1.07116375E7	18.130947298515252
1.07132055E7	27.655682627155535
1.0714772E7	29.260149588825396
1.07161585E7	30.17346553182301
1.0717542E7	40.974328459707586
1.0718923E7	6.969688151704738
1.0720305E7	15.81353344987848
1.07216925E7	31.783486138989854
1.07230785E7	36.05265626127318
1.07244575E7	36.72848596410493
1.0725834E7	8.608934010152284
1.07272125E7	14.104993345492186
1.072859E7	28.63816073587839
1.0729967E7	32.126064880351954
1.073167E7	18.48218488612087
1.0733368E7	5.77976678509611
1.07345645E7	14.256986078650543
1.0735252E7	4.176556887742197
1.0736113E7	27.970410908079028
1.07374815E7	16.00859834551691
1.0738852E7	23.90988832282762
1.07402285E7	4.32624202620746
1.07416025E7	4.180485110691766
1.07429855E7	24.802767803156506
1.07443665E7	40.790530846484934
1.0745732E7	32.09756097560975
1.07471055E7	25.091802207098088
1.0748478E7	15.975308641975309
1.07498445E7	15.03774014663739
1.0751205E7	35.85432826248171
1.07525645E7	38.35644158525169
1.07539295E7	19.53899492189181
1.07553225E7	6.936936330029557
1.07567175E7	4.617178034644225
1.07580775E7	6.955931323790166
1.07594295E7	18.273094934014473
1.07607785E7	7.206294359357489
1.076213E7	27.870881432471535
1.07631795E7	3.7374952190727124
1.0763851E7	9.339021126087372
1.07648235E7	27.811464423543548
1.076618E7	18.00133462427251
1.0767539E7	37.823099900431465
1.0768884E7	0.514070463106581
1.0770224E7	21.26167050450073
1.0771563E7	14.71734642381979
1.07729015E7	14.168003452864799
1.0774246E7	29.46103549130997
1.07755895E7	18.149967661959685
1.0776925E7	15.714840266484813
1.07782595E7	22.269564262978818
1.077961E7	10.746458188726116
1.07809635E7	30.934364178142868
1.07822995E7	38.43291652731176
1.07836335E7	16.645713483934333
1.07849685E7	16.276712808508286
1.0786301E7	37.9826420890937
1.0787632E7	5.671388101983003
1.07889615E7	19.787597474935016
1.07902905E7	38.67835662633848
1.07914905E7	38.92485308728502
1.0792157E7	30.627397115537008
1.0792957E7	20.86728814278133
1.07942905E7	5.257260607032168
1.0795618E7	15.995500327011118
1.0796943E7	15.893694548560042
1.0798267E7	15.178741205552386
1.07995875E7	31.96808510638298
1.08009065E7	27.109976046216712
1.08022255E7	26.02312562130487
1.08035435E7	4.152117377237171
1.08048715E7	36.11407224796097
1.08062615E7	7.913855601518188
1.08076395E7	35.83566303164113
1.0808954E7	10.954885566602726
1.0810267E7	38.37484370247711
1.08115905E7	23.056540934682953
1.0812913E7	12.778535581006306
1.08142265E7	23.480819983637275
1.081554E7	26.89360126916975
1.08168475E7	38.15885830639255
1.0818156E7	25.73226254115041
1.08194635E7	19.516933797909406
1.0820308E7	7.571984803821114
1.0821017E7	10.378926980768247
1.08222055E7	7.466609855895167
1.08235385E7	13.26212060838237
1.0824851E7	38.38329932092467
1.0826157E7	21.585344914655085
1.08274625E7	10.155689964157705
1.0828766E7	40.08560453312939
1.0830069E7	11.32308070400968
1.0831382E7	17.805610698285808
1.08326935E7	30.159768122223426
1.08339915E7	35.701725490196075
1.08352895E7	22.404177259285063
1.0836589E7	34.432429495929
1.0837886E7	19.437230976172174
1.08391775E7	36.48140908743462
1.08407285E7	11.809649895081055
1.0842296E7	20.717981829203296
1.0843608E7	16.579710978503126
1.0844902E7	37.48608800050551
1.0846191E7	22.283700903065576
1.08474785E7	15.315154918411839
1.0848548E7	24.787241396336345
1.0849191E7	32.82422516701347
1.0850047E7	38.782817820320496
1.0851328E7	32.09478558970349
1.08526085E7	26.55152693103641
1.0853888E7	38.442774376912986
1.08551665E7	9.482698357217757
1.0856455E7	26.703132164874916
1.08577405E7	24.144427786106945
1.08590225E7	6.384929472902747
1.0860307E7	28.883760659823842
1.08615805E7	15.92940351634128
1.08628525E7	15.961408078257499
1.0864125E7	34.29174814235432
1.0865395E7	12.682172701949861
1.0866668E7	38.34370624600604
1.08680085E7	15.019512494773616
1.08693455E7	17.836150203866893
1.08706125E7	20.06320869646706
1.08718795E7	35.34361566794988
1.0873158E7	23.846370804566693
1.0874436E7	38.97244574494026
1.08757065E7	38.9738275577614
1.08768965E7	10.799650251516656
1.0877525E7	32.998266897746966
1.08782325E7	18.847128166040807
1.0879496E7	41.23953137687043
1.08807695E7	33.927303031739264
1.08820405E7	29.918990672088018
1.08833E7	38.18172941304112
1.0884559E7	13.102661982298493
1.08858135E7	27.30134370579915
1.08870675E7	35.57750222545418
1.08883895E7	5.6473530395201355
1.08897115E7	39.10033289789727
1.08909675E7	30.458024923502965
1.0892221E7	34.155841460884
1.08934775E7	38.55869416350611
1.08947335E7	37.10912166102881
1.08959815E7	40.31749824314828
1.08972315E7	36.69544658326234
1.08984815E7	29.127328676708427
1.08997305E7	6.686419220136647
1.09009775E7	16.0786455465492
1.0902221E7	17.969003920677313
1.09034705E7	33.0585851858019
1.0904721E7	38.287632285578894
1.09056345E7	31.51677525239966
1.09062555E7	19.050059194948698
1.0907561E7	29.609633792148518
1.09091575E7	0.0
1.0910419E7	4.850716091601268
1.09116805E7	21.357355825814043
1.09129215E7	36.572512101231084
1.09141905E7	24.785949348976963
1.0915455E7	3.8505845451953236
1.0916695E7	15.015858738461807
1.0917938E7	9.845296215505003
1.0919172E7	8.740094240637937
1.09204025E7	34.952173301448866
1.09216405E7	29.014086826676035
1.0922886E7	12.052515605543936
1.0924703E7	24.043065079346785
1.0926512E7	16.399099406718168
1.0927745E7	38.77315338059955
1.0928979E7	21.140721914616805
1.09302085E7	25.11346276257161
1.0931435E7	42.0
1.0932702E7	33.86648472846125
1.09338785E7	6.587061690031428
1.09344905E7	3.0198412698412698
1.09351915E7	25.752347350505804
1.09364125E7	28.958087254715185
1.09376325E7	37.696826468602296
1.0938852E7	38.13330461579244
1.094007E7	0.0
1.09412865E7	25.035589019314408
1.09425025E7	24.515395761637386
1.0943718E7	40.082564351627006
1.0944941E7	29.652493673555462
1.09461675E7	17.795268347723706
1.09473865E7	33.66693501442885
1.09486125E7	23.678232596073
1.0949838E7	29.154006999317676
1.09510525E7	27.50467577448528
1.0952266E7	36.909536576883816
1.0953488E7	26.37391752143938
1.09547105E7	29.988666589568638
1.0955933E7	21.38819239887923
1.0957156E7	31.42544707588207
1.09583725E7	7.6637434675629486
1.0959586E7	0.24407913067706882
1.09607965E7	11.031208261907516
1.09620075E7	40.71166977549797
1.0962744E7	34.520969245107175
1.09633475E7	25.173660674623154
1.0964427E7	9.013291085603443
1.0965638E7	36.036524216524214
1.0966846E7	35.82900936092197
1.0968054E7	35.29238061897418
1.09692615E7	35.722131926431146
1.0970471E7	17.031358571120816
1.097168E7	0.4078611400254446
1.09728865E7	31.09650605318525
1.0974093E7	27.30492044449504
1.09752995E7	28.267042470053166
1.09765045E7	24.993188072359814
1.0977708E7	16.151007180826262
1.0978911E7	35.949538454508065
1.09801155E7	18.687842458698967
1.09813185E7	35.36971605952707
1.098252E7	13.961714282789089
1.0983723E7	11.184284707540522
1.09849245E7	24.725601706103383
1.09861255E7	35.13525609149677
1.09873335E7	35.327443640528536
1.0988541E7	32.81993537919654
1.09897425E7	3.4657975545311
1.0990847E7	28.816683960274112
1.09914465E7	29.90709046454768
1.0992141E7	39.52726239291949
1.0993339E7	18.115472656653818
1.09945385E7	17.09190084927156
1.0995737E7	26.25554990679546
1.0996933E7	15.996186481075412
1.0998128E7	20.800547123481813
1.09993525E7	16.01759940087146
1.1000576E7	31.80662633429413
1.10018065E7	8.037353852602584
1.10030385E7	38.6702239184917
1.10042385E7	11.927030001846399
1.1005438E7	4.926377841832643
1.10066315E7	21.092630928472115
1.1007822E7	36.04324850362061
1.1009016E7	34.82682861778499
1.101021E7	28.94357648645611
1.1011398E7	35.070406556769775
1.1012588E7	10.110690986171683
1.1013777E7	41.46124031007752
1.1015125E7	28.271825124829515
1.10164735E7	32.377677070389595
1.10176595E7	2.697437407952872
1.1018845E7	23.79044894913568
1.10196315E7	12.173327208696984
1.1020224E7	10.351014577105214
1.1021214E7	23.529853625910015
1.1022416E7	13.432423339566999
1.10236165E7	10.952632537802879
1.1024799E7	16.479393595919525
1.1025983E7	14.225757235088171
1.10271635E7	42.0
1.10283415E7	7.273266673991869
1.1029519E7	6.536736069502696
1.1030697E7	27.196575993912877
1.1031878E7	28.809760860657523
1.1033057E7	40.49750640248012
1.1034232E7	26.502403343782653
1.1035407E7	6.387389137049265
1.10365835E7	23.10160446777888
1.10377685E7	34.657079464212345
1.10389515E7	12.206795164978764
1.10401355E7	25.182027704841346
1.10413235E7	7.137697142784287
1.10425075E7	6.665412690925474
1.10436845E7	39.99083830933146
1.10448545E7	21.164543540049777
1.1046026E7	9.194360228537047
1.1047192E7	31.365748797215684
1.10480365E7	24.425505127672317
1.10486165E7	34.62370549141797
1.1049512E7	30.29020092735703
1.10506705E7	25.19394046151136
1.1051829E7	33.86967215486559
1.1052989E7	20.382856721879104
1.1054157E7	8.699169057205017
1.1055324E7	38.89128151748622
1.1056481E7	25.691410559495665
1.10576355E7	13.064472593820291
1.1058792E7	3.3629207146091336
1.1059949E7	24.032235630239466
1.1061102E7	7.954103053435115
1.10622595E7	35.190548616055054
1.10634155E7	5.50496416651136
1.10645655E7	9.280709240032238
1.1065715E7	37.499735509710575
1.10668635E7	3.1944454837985483
1.10680295E7	29.34380680578783
1.1069194E7	35.13473021966304
1.10703515E7	21.005716652091632
1.1071509E7	8.124425600183349
1.10726555E7	37.86066715919612
1.1073806E7	26.422415326719126
1.1074957E7	28.388355544177536
1.1076101E7	26.699789029535864
1.10767235E7	29.7552097176432
1.1077309E7	19.28157569688535
1.1078415E7	26.74929189313328
1.1079557E7	41.91448467966574
1.1080698E7	37.796896374456516
1.1081839E7	37.67566710281115
1.1082978E7	39.576565798733284
1.1084122E7	1.989355292227355
1.10852655E7	8.442478666845373
1.10864065E7	14.562186781215251
1.1087549E7	2.2454918032786884
1.10886885E7	35.648315827598694
1.1089825E7	23.17618264668577
1.10909595E7	8.289130434782608
1.10920935E7	13.820161152065833
1.10932265E7	18.894750147467768
1.10943585E7	39.125820191934075
1.10955415E7	14.251755233195267
1.109673E7	29.205617490823702
1.10978675E7	2.620381505137862
1.1099003E7	3.1559285819818386
1.1100137E7	19.166472642607683
1.11012675E7	29.818540259461777
1.11023975E7	13.378553137003841
1.1103526E7	31.49793202497932
1.11046705E7	6.662598520118309
1.1105565E7	6.3923825921747905
1.11064435E7	29.264208255265995
1.11075705E7	24.58493554489859
1.11086965E7	3.2680890538033394
1.1109846E7	30.116041986775546
1.1110994E7	37.074011533437414
1.1112116E7	40.64246783165702
1.1113242E7	8.468240361471222
1.11143685E7	34.622507775413325
1.11154895E7	21.92425494676455
1.1116613E7	39.60155589379334
1.11177355E7	32.07475596623476
1.11188535E7	35.41022340022719
1.1119977E7	38.12377657566989
1.11210995E7	37.62750275027503
1.1122216E7	13.109041970920424
1.1123332E7	32.14272758190681
1.11244475E7	22.20785282811642
1.11255645E7	9.019851883050787
1.1126681E7	30.824485623845952
1.1127797E7	18.768606812782117
1.11289125E7	9.201423271792947
1.11302725E7	22.958666234487517
1.1131633E7	17.027047814382772
1.1132748E7	39.086803150414326
1.11335155E7	16.418061707079048
1.11340725E7	6.203617004200219
1.11349765E7	39.34841255920014
1.113609E7	38.41798674660776
1.1137204E7	5.169633424043541
1.1138318E7	22.001766784452297
1.113943E7	12.945033405112914
1.11405425E7	16.01936476336983
1.1141656E7	20.714756222666164
1.1142778E7	2.4883549947822785
1.11438985E7	10.335156764422834
1.1145008E7	10.469539804066848
1.1146115E7	2.7567639896165064
1.114722E7	13.312192210117892
1.1148325E7	41.75124792013311
1.11494295E7	26.10198789974071
1.1150538E7	2.365780641178967
1.1151646E7	8.96495414561108
1.11527525E7	27.39980211020797
1.11538615E7	6.0664262614120945
1.11549685E7	8.850443779120237
1.11560725E7	20.708694946873226
1.11571725E7	32.59343360449464
1.115827E7	38.29593489588416
1.11593705E7	28.854192050391962
1.1160473E7	18.95537295026923
1.1161572E7	29.464475858270607
1.11621605E7	23.747235387045812
1.11627075E7	39.16768159010084
1.1163773E7	23.78585792180672
1.1164878E7	33.471902147294614
1.1165973E7	9.820473499370499
1.1167068E7	8.321114547328847
1.1168171E7	16.14511508446113
1.11692795E7	27.664992980034743
1.11703795E7	4.861315344217627
1.1171474E7	10.537386174169553
1.11725935E7	13.288457888288786
1.1173713E7	25.010488257818533
1.1174804E7	39.7351602938721
1.11758925E7	40.55453255605934
1.1176983E7	15.510912250217203
1.11780735E7	10.82228414760214
1.1179161E7	15.591689533516268
1.11802485E7	28.400554759654952
1.11813365E7	6.674313387067044
1.11824255E7	11.950697491734086
1.1183513E7	14.406702127659575
1.11846095E7	8.314367753906328
1.11857095E7	23.382118246231304
1.1186825E7	21.55637502141185
1.11879375E7	19.885037371315754
1.11890225E7	10.550405018275216
1.1190113E7	8.318361465623713
1.11906685E7	14.831932773109244
1.11912105E7	32.79699384412364
1.11922865E7	32.758720930232556
1.11933695E7	29.91798008940179
1.1194454E7	38.4558072142149
1.11955385E7	40.59620111731844
1.11966215E7	22.680212014134277
1.1197703E7	7.824989627990596
1.11987835E7	20.267318207258793
1.11998715E7	8.052350088776791
1.12009595E7	2.2212978369384357
1.120204E7	14.114147551146932
1.120312E7	34.37469467513434
1.12041995E7	35.46239753653988
1.12052785E7	41.82433460076046
1.12063565E7	23.56944016962484
1.12074335E7	0.6591760299625468
1.120851E7	34.93823367800589
1.12095965E7	6.961037282593594
1.12106825E7	18.56372558898809
1.1211764E7	9.249215582331619
1.12128425E7	11.708573021547341
1.1213917E7	29.764943540868124
1.12150005E7	10.3888272598078
1.1216086E7	16.21739075332049
1.1217428E7	14.073895918555838
1.12186895E7	3.9366121622037533
1.1219308E7	16.693930905695613
1.12199995E7	6.069303043051465
1.12210685E7	24.32190247886547
1.12221395E7	16.290057183385787
1.122321E7	20.694226967180704
1.12242835E7	6.520219080017465
1.1225358E7	18.181435389133625
1.12264265E7	31.292257133175823
1.1227496E7	2.17616292798111
1.1228565E7	37.76467065868263
1.12296315E7	20.028975530571756
1.12306965E7	17.37784146420895
1.12317595E7	11.901110064918976
1.12328215E7	8.159578860445912
1.1233886E7	5.015514968563322
1.1234948E7	34.935349192531135
1.1236003E7	26.415824069793153
1.12370585E7	2.3357975081623517
1.1238114E7	7.718657664282372
1.12391735E7	33.61728682370991
1.1240233E7	24.688380097138264
1.12412875E7	20.852213393870603
1.12423415E7	39.67680608365019
1.1243396E7	5.2610979222252565
1.12444505E7	28.038635473418083
1.1245512E7	24.225637998365272
1.12465735E7	8.791721487793163
1.1247363E7	24.970560405620123
1.12478895E7	29.379945054945054
1.12486905E7	9.68023696134937
1.1249754E7	24.236996465058464
1.12508075E7	13.132957595276435
1.1251861E7	14.355946073997503
1.125292E7	8.232297261141094
1.12539785E7	30.11447786967191
1.125503E7	17.100798879658804
1.12560815E7	20.112747346167183
1.1257133E7	24.8266092385506
1.1258184E7	0.0
1.1259234E7	42.0
1.12602845E7	38.33484480624583
1.1261335E7	29.670428103589433
1.1262384E7	6.866579576544822
1.1263436E7	13.611020202492455
1.126449E7	12.597353047296624
1.126554E7	35.023188468907854
1.1266588E7	6.488317736165506
1.1267637E7	12.958099908440541
1.1268685E7	25.06393422505829
1.12697405E7	38.25610740290785
1.1270796E7	34.73632806482423
1.12718425E7	0.0
1.1272888E7	0.0
1.12739375E7	15.24851246694371
1.12749885E7	3.3847300227993107
1.12758065E7	16.23332547725666
1.12763285E7	28.053294533361047
1.1277079E7	9.244558468639442
1.12781265E7	6.406159127783482
1.12791735E7	20.415862555895504
1.1280217E7	29.843356170176776
1.1281261E7	11.364728680534153
1.1282305E7	13.751424884396172
1.1283348E7	30.738405604327394
1.12843905E7	36.475412193251536
1.12854335E7	38.32665441661318
1.1286476E7	8.187093606807768
1.1287518E7	34.22518229316185
1.1288561E7	29.004169452970057
1.12896025E7	33.09710507322976
1.1290642E7	21.209265423804347
1.12916805E7	34.03559322033898
1.12927185E7	16.133423123868848
1.1293757E7	20.515192599090838
1.1294795E7	15.07005585719308
1.1295832E7	24.571896636993078
1.129718E7	10.495405586217013
1.1298527E7	7.5419431346528505
1.1299561E7	12.888304790808585
1.13006005E7	18.859770318471185
1.130165E7	14.092087640800221
1.13026955E7	15.37917040799147
1.1303738E7	7.398960556060254
1.13044185E7	40.34484501347709
1.1304936E7	35.8296733141926
1.1305813E7	36.37839554996564
1.13068455E7	19.169587588981738
1.13078775E7	9.891500904159132
1.1308909E7	27.55825188181103
1.13099405E7	28.476433757154382
1.13109715E7	26.049503193754436
1.13120015E7	29.674392312040702
1.1313034E7	21.75692005857348
1.1314066E7	8.901643468052994
1.1315095E7	38.32544013666777
1.13161235E7	11.945756201989674
1.1317157E7	19.73856709651729
1.1318189E7	38.29597274607617
1.1319215E7	11.470489790953225
1.13202465E7	26.829907288409633
1.1321282E7	27.221727742033924
1.1322313E7	36.68097281831187
1.1323339E7	37.94783843792856
1.1324368E7	10.495104868654138
1.13254265E7	4.2734245340715225
1.132648E7	35.613564374883545
1.1327511E7	19.427793046916438
1.1328543E7	32.315836427641415
1.1329569E7	33.314995400183996
1.1330593E7	35.86679163493644
1.1331614E7	40.33757200304315
1.13325875E7	36.97746857459088
1.13330975E7	37.77272727272727
1.1333656E7	28.25986815979668
1.13346775E7	9.150846432889963
1.13356975E7	4.409606404269513
1.1336717E7	31.51222884118242
1.13377355E7	0.0
1.1338753E7	35.062382333485985
1.13397725E7	8.439341072806792
1.1340792E7	8.07888534107402
1.13418145E7	16.76725421073247
1.13428365E7	18.11783726876222
1.1343859E7	32.26549672045951
1.1344881E7	39.55355972204012
1.1345897E7	14.429172875186255
1.13469145E7	23.207010684936705
1.13479295E7	25.938558746586995
1.1348943E7	10.762210559726006
1.13499795E7	4.2488652316414965
1.1351019E7	21.12618182548126
1.1352035E7	42.0
1.1353047E7	9.620236916419115
1.1354059E7	28.688098399608638
1.135508E7	13.412991076417157
1.1356103E7	28.739721682044493
1.1357116E7	15.907626550452564
1.13581265E7	24.15420295059401
1.1359137E7	31.029407823532445
1.1360146E7	4.569076408541291
1.13610875E7	21.195248022389126
1.13616E7	17.01119023397762
1.13621785E7	16.177934777523042
1.13631855E7	34.55200993562123
1.13641945E7	18.315837448886022
1.13652075E7	33.765942618505264
1.1366217E7	10.594903057248935
1.1367222E7	33.02190681888306
1.13682265E7	0.8800298730395818
1.1369234E7	20.12488399906703
1.1370241E7	35.36431705647921
1.13712435E7	5.3979427477872575
1.1372255E7	19.52057862809146
1.1373266E7	27.429513353295224
1.13742715E7	11.98181165735377
1.1375279E7	36.12677328089572
1.13762835E7	28.681860653615374
1.1377287E7	12.96135396345706
1.1378293E7	14.623554479995576
1.137932E7	2.4563245636792033
1.1380691E7	3.744809562705294
1.13820465E7	16.51894416678647
1.13833235E7	20.92598126200662
1.13849785E7	19.572208473735316
1.1386496E7	13.83046780886931
1.13878665E7	4.0137324982216285
1.13892435E7	21.716746141390733
