# Position (bp)	A	C	G	T	N
0.0	31.6117024043321	21.10066292631335	19.93989755499355	27.347737114361	0.0
1.0	33.02016894850712	17.119731136918393	18.149406074817374	31.710693839757116	0.0
2.0	33.1228388822426	18.076093837789003	16.060628212535665	32.74043906743273	0.0
3.0	34.78708992358564	16.767438776433057	17.465322538698036	30.980148761283267	0.0
4.0	34.92206972464683	16.568729577891148	17.984412539133835	30.524788158328192	0.0
5.0	35.531341508502955	16.42444809638884	17.664148886867668	30.38006150824054	0.0
6.0	32.452157263534644	16.752279614605843	17.266496190528404	33.5290669313311	0.0
7.0	32.54840739767097	17.674715783288182	17.690507553105096	32.08636926593575	0.0
8.0	31.249756914522475	17.690765282286087	17.40700545401807	33.652472349173365	0.0
9.0	33.70603315896783	16.68770673980552	17.331022205477637	32.275237895749015	0.0
10.0	32.765649667318485	17.974642260181824	18.72728175844403	30.532426314055662	0.0
11.0	31.90750521432993	18.275623083724966	18.246054517687956	31.570817184257148	0.0
12.0	32.48165553979502	17.688609729136004	17.934623947352023	31.89511078371695	0.0
13.0	32.54400257166863	17.614899183373375	17.912412377935947	31.92868586702205	0.0
14.0	32.614924956291475	17.58835307773159	17.685188960006524	32.111533005970415	0.0
15.0	32.647047384212826	17.417220901555417	17.752924874755333	32.18280683947643	0.0
16.0	32.57952233879391	17.58755646026308	17.802502597207244	32.03041860373576	0.0
17.0	32.580974994177666	17.623896274782417	17.591867566563245	32.20326116447667	0.0
18.0	32.56223105374216	17.42197717644093	17.780103588386815	32.23568818143009	0.0
19.0	32.42940680583105	17.617195316076725	17.84999505628571	32.10340282180651	0.0
20.0	32.525914669148364	17.619866327588785	17.667593085922693	32.18662591734016	0.0
21.0	32.53076466373605	17.535752894884453	17.768013746805916	32.16546869457358	0.0
22.0	32.46579348020148	17.663492848952426	17.77738571702367	32.093327953822424	0.0
23.0	32.56059095895405	17.56644609734759	17.608737112955204	32.26422583074316	0.0
24.0	32.72352266118968	17.429779341647208	17.69203049826548	32.15466749889762	0.0
25.0	32.58507523114793	17.534065940245256	17.763726070431293	32.11713275817552	0.0
26.0	32.66356548172161	17.488026136550545	17.5716241108929	32.276784270834945	0.0
27.0	32.71452556978065	17.37150911681833	17.615063192852183	32.29890212054884	0.0
28.0	32.5973056522821	17.490392559030525	17.7017539173664	32.210547871320976	0.0
29.0	32.63678507682438	17.473546442564114	17.530926330222307	32.3587421503892	0.0
30.0	32.588144551394244	17.398922129705255	17.675535830682236	32.33739748821826	0.0
31.0	32.51417627645063	17.561572672834362	17.76232027489863	32.16193077581638	0.0
32.0	32.47619636714318	17.57994173446116	17.620944104163826	32.322917794231834	0.0
33.0	32.62835030362841	17.427530068794947	17.6982159986092	32.24590362896745	0.0
34.0	32.48948113492685	17.55606664033143	17.775511322980115	32.17894090176161	0.0
35.0	32.59800855004843	17.458199841332544	17.60721416779482	32.33657744082421	0.0
36.0	32.62462494546685	17.382778911005175	17.647326200326802	32.345269943201174	0.0
37.0	32.50808449580909	17.492032653818633	17.703628311409954	32.29625453896233	0.0
38.0	32.610356120810316	17.50805872289099	17.50773070393337	32.37385445236532	0.0
39.0	32.68223913238049	17.370103321285665	17.587462740560902	32.36019480577295	0.0
40.0	32.52401684517927	17.494047627415448	17.728745191593532	32.25319033581175	0.0
41.0	32.52305621823195	17.500608006567877	17.574693431139217	32.40164234406096	0.0
42.0	32.63741768481408	17.380365628674106	17.62492719150637	32.35728949500544	0.0
43.0	32.47118236307669	17.530106282828253	17.750277293168818	32.24843406092624	0.0
44.0	32.45089204755525	17.5584799226625	17.59760789832162	32.393020131460624	0.0
45.0	32.57710905646284	17.450467965902895	17.682377368941196	32.29004560869306	0.0
46.0	32.45494542467443	17.53900965453512	17.813678671691918	32.192366249098534	0.0
47.0	32.495174606834134	17.548592494082772	17.58868109668921	32.36755180239388	0.0
48.0	32.591893339481345	17.40208516965375	17.623240236867176	32.382781253997734	0.0
49.0	32.50946686141621	17.51956281633328	17.69699764248089	32.27397267976962	0.0
50.0	32.61537012487682	17.510518865073152	17.481676626728017	32.39243438332202	0.0
51.0	32.627178807351186	17.407310043050146	17.589501144083265	32.376010005515404	0.0
52.0	32.525797519520644	17.531886957169625	17.687649102188683	32.254666421121044	0.0
53.0	32.54297165494467	17.499530229992835	17.53516714674584	32.42233096831665	0.0
54.0	32.591940199332434	17.361809127642953	17.645100357400086	32.40115031562453	0.0
55.0	32.413474456460875	17.578653088556216	17.72736282598641	32.2805096289965	0.0
56.0	32.463427057721496	17.500233127759167	17.615648940990795	32.42069087352854	0.0
57.0	32.53837938953797	17.44636772893263	17.66196990379204	32.35328297773735	0.0
58.0	32.40928049978843	17.547397567880008	17.74067102369562	32.30265090863595	0.0
59.0	32.526617566914695	17.514291083085794	17.601965864472877	32.35712548552663	0.0
60.0	32.593322564939555	17.39360353660668	17.623544825899252	32.38952907255451	0.0
61.0	32.45007200016119	17.509206789242665	17.748707488157343	32.292013722438796	0.0
62.0	32.458085034697376	17.700769860493537	17.436292860948548	32.40485224386054	0.0
63.0	32.61862688452749	17.410777672030715	17.60878397280629	32.36181147063551	0.0
64.0	32.46014686814529	17.539478253046006	17.687813111667495	32.31256176714122	0.0
65.0	32.51560550190884	17.498991341705313	17.56707870533729	32.418324451048555	0.0
66.0	32.491144659640504	17.394892182511622	17.687016494198986	32.42694666364889	0.0
67.0	32.3270180312021	17.622279609919854	17.772067123925094	32.27863523495295	0.0
68.0	32.423525894519415	17.543367620686375	17.57830163967305	32.45480484512117	0.0
69.0	32.52247047009334	17.46047254411035	17.671669892967415	32.3453870928289	0.0
70.0	32.4314920692045	17.587251871231004	17.76007100204637	32.22118505751813	0.0
71.0	32.49957943283648	17.5084336016997	17.59948229236517	32.39250467309865	0.0
72.0	32.53210016949208	17.44582884064511	17.645053497548997	32.37701749231381	0.0
73.0	32.46991714709729	17.497890135204727	17.66218077312194	32.37001194457604	0.0
74.0	32.55702961027131	17.472984124351047	17.52499855905958	32.44498770631807	0.0
75.0	32.66002756296441	17.36928327389161	17.61262648059557	32.35806268254841	0.0
76.0	32.44641693177627	17.558667362066856	17.682049349983576	32.312866356173295	0.0
77.0	32.48331906450868	17.57595864711861	17.583526513069447	32.35719577530327	0.0
78.0	32.51513690339795	17.41593225565048	17.625489509719436	32.44344133123214	0.0
79.0	32.368301560011304	17.578325069598595	17.774902144915963	32.27847122547414	0.0
80.0	32.412841848471174	17.597467318768352	17.587837619369616	32.40185321339086	0.0
81.0	32.49372195145038	17.439385611120407	17.67626215837411	32.3906302790551	0.0
82.0	32.43200752756648	17.54906109259366	17.722395681771	32.29653569806886	0.0
83.0	32.50695985938296	17.590672640360484	17.57087435327548	32.331493146981074	0.0
84.0	32.63657420749448	17.390299917104922	17.59397625986224	32.37914961553835	0.0
85.0	32.45534373340868	17.53863477572641	17.72328601894169	32.28273547192322	0.0
86.0	32.48664611393598	17.50580945003873	17.560916634919117	32.446627801106175	0.0
87.0	32.53010862582081	17.44625057930491	17.58701757197556	32.436623222898724	0.0
88.0	32.357359784782076	17.55142751507364	17.703323722377874	32.3878889777664	0.0
89.0	32.41448194325928	17.565063731740473	17.577809611236617	32.44264471376363	0.0
90.0	32.455015714451065	17.45271723875516	17.670217237583664	32.422049809210115	0.0
91.0	32.32626827358468	17.668131974210212	17.742451698036994	32.26314805416811	0.0
92.0	32.452344702939	17.572748747319032	17.588704526614755	32.38620202312721	0.0
93.0	32.51525405302567	17.454521343022076	17.65020808116876	32.38001652278349	0.0
94.0	32.408999340681895	17.583995111580332	17.727643985092946	32.27936156264482	0.0
95.0	32.431960667715394	17.57108522260538	17.602434462983762	32.39451964669547	0.0
96.0	32.504265417945355	17.41792379932175	17.615274062182085	32.46253672055081	0.0
97.0	32.46099034546488	17.52298358546276	17.698661167194544	32.317364901877816	0.0
98.0	32.44911137321388	17.56796904250798	17.53558888540564	32.447330698872506	0.0
99.0	32.525867809297274	17.465791137208925	17.57483401069248	32.43350704280132	0.0
100.0	32.35145544354489	17.590204041849596	17.714499796862544	32.343840717742964	0.0
101.0	32.48821591894745	17.54076689895095	17.56094006484466	32.41007711725693	0.0
102.0	32.47689926490951	17.47190634777601	17.621904731111147	32.42928965620333	0.0
103.0	32.40642204887202	17.580691492078575	17.71606960187402	32.29681685717539	0.0
104.0	32.442668143689176	17.524764259804133	17.630339504307123	32.40222809219957	0.0
105.0	32.50461686682852	17.452951538010602	17.648802285636098	32.393629309524776	0.0
106.0	32.408015283809036	17.559932578046254	17.711711635722764	32.32034050242195	0.0
107.0	32.44550316468005	17.58818906825278	17.54067317924877	32.42563458781841	0.0
108.0	32.51466830488706	17.45016337687082	17.602129873951686	32.43303844429043	0.0
109.0	32.40471166430727	17.544656266591314	17.690015524668663	32.360616544432744	0.0
110.0	32.42554086811623	17.546319791304967	17.562228710749604	32.4659106298292	0.0
111.0	32.50248474360398	17.457192354534136	17.605503783230077	32.4348191186318	0.0
112.0	32.4164969168561	17.596787850927566	17.70747081919923	32.2792444130171	0.0
113.0	32.40944450926724	17.579121687067104	17.59863881504557	32.412794988620085	0.0
114.0	32.42162807055032	17.472140647031452	17.66677303852864	32.43945824388959	0.0
115.0	32.35150230339598	17.588446797433768	17.77900238188623	32.28104851728402	0.0
116.0	32.41171721204504	17.530809180594588	17.634228871947492	32.42324473541288	0.0
117.0	32.43306187421597	17.483105852186224	17.61916342982245	32.46466884377534	0.0
118.0	32.371136581002176	17.596928430480833	17.695779286352582	32.33615570216441	0.0
119.0	32.498806245293515	17.540485739844417	17.543156751356477	32.417551263505594	0.0
120.0	32.48606036579737	17.441330294940588	17.62994119557287	32.442668143689176	0.0
121.0	32.41954280717687	17.595710074352525	17.670428106913562	32.314319011557046	0.0
122.0	32.46120121479478	17.541282357312927	17.547022689071298	32.450493738820995	0.0
123.0	32.53374026428018	17.455388250267216	17.591422397977905	32.41944908747469	0.0
124.0	32.390559989278465	17.553700217851446	17.732798568712706	32.322941224157375	0.0
125.0	32.41764498320777	17.52640435459224	17.607682766305704	32.448267895894276	0.0
126.0	32.48315505502987	17.409934194711116	17.65955662146097	32.447354128798054	0.0
127.0	32.3841870495304	17.5453357344321	17.73905435883306	32.331422857204444	0.0
128.0	32.46659009766999	17.56932797818955	17.542828732398856	32.421253191741606	0.0
129.0	32.508037635958	17.4673609422204	17.580199463642142	32.444401958179455	0.0
130.0	32.36258465817847	17.535612315331186	17.730385286381637	32.371417740108704	0.0
131.0	32.47144009225767	17.52028914402516	17.585119748006463	32.42315101571071	0.0
132.0	32.52188472195473	17.44758608506094	17.612415611265668	32.41811358171866	0.0
133.0	32.36085084368819	17.54008743111016	17.721247615419326	32.37781410978232	0.0
134.0	32.40070514703918	17.523991072261172	17.55585577100153	32.51944800969812	0.0
135.0	32.4871850022235	17.402178889355927	17.67581698978877	32.4348191186318	0.0
136.0	32.37165203936415	17.53992342163135	17.716725639789264	32.37169889921524	0.0
137.0	32.40911649030962	17.540930908429758	17.57633352592732	32.4736190753333	0.0
138.0	32.43552201639814	17.456653466246618	17.64941146370025	32.458413053655	0.0
139.0	32.33507792558937	17.613118509032002	17.715718152990853	32.336085412387774	0.0
140.0	32.4740408139931	17.53676038168286	17.554801424352036	32.434397379972005	0.0
141.0	32.52551636041411	17.44357956779285	17.64908344474263	32.38182062705041	0.0
142.0	32.441894956146214	17.511174902988394	17.678839450183993	32.368090690681406	0.0
143.0	32.45855363320827	17.530387441934785	17.51639977638479	32.49465914847216	0.0
144.0	32.51647240915398	17.41888442626907	17.65287909268082	32.41176407189613	0.0
145.0	32.42558772796732	17.538377046545424	17.687555382486504	32.34847984300075	0.0
146.0	32.516542698930614	17.553044179936204	17.541446366791735	32.388966754341446	0.0
147.0	32.50902169283086	17.45573969915038	17.601637845515256	32.433600762503495	0.0
148.0	32.41406020459948	17.565087161666018	17.687086783975616	32.33376584975888	0.0
149.0	32.41003025740585	17.575888357341977	17.582589316047674	32.4314920692045	0.0
150.0	32.471861830917476	17.475045957798955	17.68811770069957	32.364974510584	0.0
151.0	32.38182062705041	17.500069118280358	17.767521718369483	32.35058853629975	0.0
152.0	32.47387680451429	17.538049027587803	17.58868109668921	32.3993930712087	0.0
153.0	32.45548431296195	17.393580106681135	17.63945374534389	32.51148183501302	0.0
154.0	32.43156235898114	17.510940603732948	17.64299166410109	32.414505373184824	0.0
155.0	32.388966754341446	17.532050966648438	17.61150184416944	32.467480434840674	0.0
156.0	32.49367509159929	17.463120125696864	17.63994577378032	32.40325900892353	0.0
157.0	32.41448194325928	17.51080002417968	17.744443241708264	32.33027479085277	0.0
158.0	32.42757927163859	17.543156751356477	17.57087435327548	32.45838962372945	0.0
159.0	32.464223675190006	17.444305895484725	17.598849684375473	32.4926207449498	0.0
160.0	32.42422879228574	17.55585577100153	17.701847637068578	32.31806779964415	0.0
161.0	32.44871306447962	17.506020319368627	17.623123087239453	32.422143528912294	0.0
162.0	32.47476714168498	17.446344299007084	17.672325930882657	32.40656262842528	0.0
163.0	32.384351059009205	17.5459683424218	17.766514231571076	32.30316636699792	0.0
164.0	32.41623918767511	17.501662353217373	17.554075096660156	32.528023362447364	0.0
165.0	32.4394113840385	17.432169194052737	17.601801854994065	32.526617566914695	0.0
166.0	32.41007711725693	17.508972489987222	17.713422020287503	32.36752837246834	0.0
167.0	32.406726637904086	17.55259901135086	17.59069607028603	32.44997828045902	0.0
168.0	32.45562489251522	17.428162676784645	17.649177164444808	32.46703526625533	0.0
169.0	32.37251894660929	17.566633536751947	17.697325661438512	32.36352185520025	0.0
170.0	32.39712036843089	17.53137149880765	17.546671240188132	32.52483689257332	0.0
171.0	32.43603747476011	17.41717404170433	17.652223054765575	32.49456542876998	0.0
172.0	32.36963706576733	17.580105743939967	17.675348391277883	32.37490879901482	0.0
173.0	32.38032111181557	17.56061204588704	17.560682335663675	32.49838450663371	0.0
174.0	32.46872222089453	17.437722086406755	17.63561123755461	32.45794445514411	0.0
175.0	32.38531168595652	17.518602189385962	17.73736740419386	32.358718720463656	0.0
176.0	32.4277432811174	17.554707704649854	17.56979657670044	32.44775243753231	0.0
177.0	32.52268133942324	17.454802502128608	17.617031306597912	32.40548485185023	0.0
178.0	32.39238752347093	17.55292703030848	17.682517948494464	32.372167497726124	0.0
179.0	32.37486193916373	17.53772100863018	17.590133752072962	32.49728330013313	0.0
180.0	32.40799185388349	17.460495974035894	17.599177703333094	32.53233446874753	0.0
181.0	32.39379331900359	17.512721278074324	17.737601703449307	32.355883699472784	0.0
182.0	32.43896621545316	17.577692461608898	17.59528833569273	32.38805298724522	0.0
183.0	32.485123168775594	17.468321569167717	17.65817425585385	32.388381006202835	0.0
184.0	32.38491337722227	17.60149726596199	17.68169790110041	32.331891455715336	0.0
185.0	32.39447278684438	17.55585577100153	17.579402846173636	32.47026859598046	0.0
186.0	32.47851592977208	17.424460748548633	17.6471153309969	32.449907990682384	0.0
187.0	32.33294580236483	17.559791998492987	17.709368643168325	32.39789355597386	0.0
188.0	32.44580775371212	17.50623118869853	17.570358894913504	32.47760216267584	0.0
189.0	32.484256261530454	17.431911464871746	17.618179372949587	32.46565290064821	0.0
190.0	32.35630543813258	17.595663214501435	17.623544825899252	32.42448652146673	0.0
191.0	32.39098172793827	17.52832560848688	17.595850653905792	32.484842009669066	0.0
192.0	32.45855363320827	17.42506992661279	17.637251332342714	32.47912510783623	0.0
193.0	32.358156402250586	17.589712013413163	17.670123517881482	32.382008066454766	0.0
194.0	32.4008222966669	17.515884318022813	17.580808641706298	32.50248474360398	0.0
195.0	32.45471112541898	17.4921732333719	17.638586838098746	32.41452880311037	0.0
196.0	32.30386926476425	17.580433762897588	17.735024411639426	32.380672560698734	0.0
197.0	32.425189419233064	17.512908717478677	17.643671131941876	32.418230731346384	0.0
198.0	32.49538547616403	17.41808780880056	17.637837080481326	32.44868963455408	0.0
199.0	32.329033004798916	17.555106013384112	17.72403577655911	32.39182520525786	0.0
200.0	32.41340416668424	17.48045827059971	17.588493657284857	32.5176439054312	0.0
201.0	32.501078948071324	17.377202588725613	17.601919004621788	32.51979945858128	0.0
202.0	32.34295038057228	17.597701618023798	17.664992364187267	32.394355637216655	0.0
203.0	32.38261724451892	17.555762051299354	17.534651688383864	32.52696901579786	0.0
204.0	32.415794019089766	17.448781011263705	17.628839989072283	32.506584980574246	0.0
205.0	32.269685003395	17.571225802158647	17.711617916020586	32.44747127842577	0.0
206.0	32.28308692080638	17.56173668231317	17.594163699266595	32.56101269761385	0.0
207.0	32.3704102533103	17.440065078961194	17.64465518881474	32.54486947891377	0.0
208.0	32.31392070282279	17.540930908429758	17.73078359511589	32.41436479363156	0.0
209.0	32.44009085187929	17.565649479879085	17.59118809872246	32.40307156951916	0.0
210.0	32.50899826290532	17.467946690359007	17.564688852931763	32.45836619380391	0.0
211.0	32.38988052143768	17.60278591186693	17.64256992544129	32.3647636412541	0.0
212.0	32.40621117954212	17.557659875268445	17.544820276070126	32.49130866911931	0.0
213.0	32.49147267859812	17.459511917163027	17.55944054960982	32.489574854629026	0.0
214.0	32.34084168727328	17.572561307914675	17.664922074410633	32.42167493040141	0.0
215.0	32.41958966702796	17.539150234088385	17.565391750698094	32.475868348185564	0.0
216.0	32.391122307491536	17.50442708443161	17.554660844798768	32.54978976327809	0.0
217.0	32.36338127564698	17.570358894913504	17.71515583477779	32.35110399466173	0.0
218.0	32.340560528166755	17.59802963698142	17.649247454221438	32.41216238063039	0.0
219.0	32.445971763190926	17.53455796868169	17.5841356911336	32.43533457699378	0.0
220.0	32.33259435348167	17.600466349238037	17.699246915333152	32.36769238194715	0.0
221.0	32.378774736729646	17.527177542135206	17.574646571288124	32.51940114984703	0.0
222.0	32.45913938134687	17.448312412752813	17.620803524610558	32.47174468128975	0.0
223.0	32.37657232372847	17.54154008649391	17.727597125241857	32.354290464535765	0.0
224.0	32.43552201639814	17.51965653603546	17.52879420699777	32.51602724056863	0.0
225.0	32.4290084970968	17.418064378875016	17.584112261208055	32.568814862820126	0.0
226.0	32.31926272584691	17.550209158945336	17.660142369599576	32.470385745608176	0.0
227.0	32.402743550561546	17.53066860104132	17.59385911023452	32.472728738162616	0.0
228.0	32.39198921473667	17.469305626040583	17.649177164444808	32.48952799477794	0.0
229.0	32.342177193029315	17.538447336322054	17.703698601186584	32.41567686946205	0.0
230.0	32.36167089108225	17.571178942307558	17.652152764988944	32.41499740162126	0.0
231.0	32.43015656344847	17.506957516390404	17.60658155980512	32.456304360356	0.0
232.0	32.30836781046877	17.576239806225143	17.705690144857858	32.409702238448226	0.0
233.0	32.42910221679898	17.55840963288587	17.567687883401444	32.44480026691371	0.0
234.0	32.43186694801321	17.459793076269563	17.617687344513154	32.49065263120407	0.0
235.0	32.36396702378559	17.512252679563435	17.67218535132939	32.45159494532158	0.0
236.0	32.37406532169522	17.57413111292615	17.582917335005295	32.46888623037334	0.0
237.0	32.41673121611154	17.427576928646037	17.66096241699363	32.49472943824879	0.0
238.0	32.344590475360384	17.538494196173144	17.768130896433636	32.348784432032836	0.0
239.0	32.297472895090635	17.605011754793644	17.5628613187393	32.53465403137642	0.0
240.0	32.369238757033074	17.534136230021886	17.623287096718265	32.47333791622677	0.0
241.0	32.32811923770269	17.526896383028674	17.71719423830015	32.42779014096849	0.0
242.0	32.33165715645988	17.619280579450177	17.568062762210154	32.48099950187978	0.0
243.0	32.45909252149578	17.465158529219227	17.583573372920537	32.49217557636445	0.0
244.0	32.27537847530228	17.600021180652693	17.646529582858292	32.478070761186736	0.0
245.0	32.301549702135354	17.564313974123053	17.6006069287913	32.53352939495029	0.0
246.0	32.40475852415836	17.463120125696864	17.58530718741082	32.54681416273396	0.0
247.0	32.362912677136094	17.55789417452389	17.642944804250003	32.43624834409001	0.0
248.0	32.34862042255402	17.535190576671386	17.532050966648438	32.584138034126156	0.0
249.0	32.41848846052737	17.43802667543883	17.58268303574985	32.56080182828395	0.0
250.0	32.28373467138737	17.564421205655467	17.689887218926586	32.46195690403057	0.0
251.0	32.265125384806176	17.589305890494117	17.566145363166218	32.579423361533486	0.0
252.0	32.35069919658382	17.502012532653755	17.63798177495517	32.50930649580726	0.0
253.0	32.28546295179965	17.583526811094025	17.70700475274917	32.424005484357146	0.0
254.0	32.29549790439113	17.597681199781064	17.524554222982946	32.58226667284487	0.0
255.0	32.401751988124225	17.518774832425997	17.551072581894335	32.528400597555446	0.0
256.0	32.350207462231886	17.577497056701002	17.64594039139221	32.4263550896749	0.0
257.0	32.371652105468804	17.542999176813446	17.49612163825207	32.58922707946568	0.0
258.0	32.383063225677326	17.47247394193543	17.529683206060028	32.61477962632721	0.0
259.0	32.310523722300985	17.534537098236495	17.570088777622235	32.58485040184028	0.0
260.0	32.314565563062665	17.55738799926702	17.475554609778158	32.652491827892156	0.0
261.0	32.38607386588595	17.458525252377044	17.57427423776891	32.5811266439681	0.0
262.0	32.298183580568924	17.61811487589739	17.62327885962184	32.460422683911844	0.0
263.0	32.27658661380918	17.61697920396052	17.522020660892494	32.584413521337815	0.0
264.0	32.32717916806394	17.50584836750033	17.615304270560184	32.55166819387555	0.0
265.0	32.24625914886268	17.58574790771993	17.696404929630162	32.471588013787226	0.0
266.0	32.24355994173776	17.612460985107457	17.619143307273863	32.52483576588092	0.0
267.0	32.34613176314208	17.46333908761199	17.611877554790222	32.57865159445571	0.0
268.0	32.29411443704052	17.53949377338451	17.64046076406538	32.5259310255096	0.0
269.0	32.26378514855949	17.58591512269806	17.540351678225708	32.60994805051674	0.0
270.0	32.387131101970326	17.447584812873863	17.543731861976205	32.621552223179606	0.0
271.0	32.237144579237906	17.520506917565644	17.65291218671199	32.58943631648445	0.0
272.0	32.24208443619126	17.59309126230138	17.51118177061417	32.65364253089319	0.0
273.0	32.27251529313988	17.508542254503347	17.53511922250506	32.68382322985171	0.0
274.0	32.16557406945271	17.618370030522335	17.6363906858887	32.579665214136256	0.0
275.0	32.170440194753645	17.622350537340917	17.601302842688185	32.60590642521725	0.0
276.0	32.2615538965304	17.542434660847515	17.636025493276616	32.55998594934547	0.0
277.0	32.20425023400259	17.580491471704658	17.737264175377266	32.47799411891548	0.0
278.0	32.198520776947994	17.66475496402076	17.563487565246536	32.573236693784715	0.0
279.0	32.241251938421925	17.53515137996791	17.58510267322792	32.638494008382246	0.0
280.0	32.13620395256726	17.638987885263973	17.71926873512281	32.50553942704596	0.0
281.0	32.15863121089535	17.677016835681258	17.61626515852527	32.54808679489812	0.0
282.0	32.21913182768275	17.524261270097917	17.624679529755984	32.63192737246335	0.0
283.0	32.15463733669221	17.654333573310865	17.70163161202373	32.489397477973206	0.0
284.0	32.117463988214304	17.696805959939258	17.581469755268326	32.60426029657811	0.0
285.0	32.130004646792464	17.609584412576538	17.71488239119738	32.54552854943362	0.0
286.0	32.003883713868724	17.69974435073903	17.74893969224139	32.54743224315085	0.0
287.0	31.93765517525828	17.801506769710524	17.68226441164318	32.57857364338801	0.0
288.0	31.896638524096794	17.812535773149303	17.879447717965412	32.41137798478849	0.0
289.0	31.436045360289157	18.09932427727595	18.135448750903112	32.32918161153178	0.0
290.0	31.404727893979807	17.961561857707263	17.57096115178148	33.06274909653145	0.0
291.0	32.67131221066435	17.200779814402182	17.142554999433926	32.985352975499545	0.0
292.0	32.84883619174395	17.437371579045802	17.70187686490103	32.01191536430921	0.0
293.0	32.368750950897834	17.483292489258783	17.358132329771998	32.78982423007138	0.0
294.0	32.26052498452851	17.305627266101816	16.94733207636166	33.486515673008014	0.0
295.0	30.468577061494166	17.789616696936434	16.856521290733355	34.885284950836045	0.0
296.0	30.838545908988753	17.739723269067635	17.044531309879666	34.377199512063946	0.0
297.0	31.425299537719635	17.049410049568536	17.760146768546576	33.76514364416525	0.0
298.0	31.848095529952197	16.908458627049193	18.37204175733517	32.871404085663436	0.0
299.0	30.234972106356572	18.80100767535303	18.955574826962234	32.00844539132816	0.0
300.0	27.583500007384533	18.6151456251586	20.306874191338082	33.49448017611879	0.0
