# Position (bp)	A	C	G	T	N
0.0	31.385717599710834	21.937451783276956	19.683320655369794	26.993509961642413	0.0
1.0	32.72053991940052	16.449350186932527	17.823814070921067	33.006295822745884	0.0
2.0	33.228133210330114	17.80286036437007	16.053517190779072	32.91548923452075	0.0
3.0	34.925707133647315	16.992010185529857	17.41376017608882	30.668522504734007	0.0
4.0	35.48588969632231	16.46566429831518	17.649667405764966	30.39877859959754	0.0
5.0	35.76713548157379	16.359881528476862	17.548524231094998	30.324458758854345	0.0
6.0	32.47902201649754	16.667260103257966	17.115660791644412	33.73805708860008	0.0
7.0	32.42733908427339	17.709399496118387	17.345763132482023	32.5174982871262	0.0
8.0	31.096767928528656	17.684216205134845	17.254568113033486	33.96444775330301	0.0
9.0	33.61104007854942	16.719676738904084	17.25938034430112	32.40990283824537	0.0
10.0	32.82166151455807	17.99606173898501	18.58887252442531	30.5934042220316	0.0
11.0	31.844692249178628	18.258123337703186	18.24949153273882	31.64769288037937	0.0
12.0	32.495487184467066	17.703810402403956	17.852299027303477	31.948403385825497	0.0
13.0	32.57358343988218	17.55394068871014	17.739092905195808	32.133382966211876	0.0
14.0	32.631114419969684	17.46900372786077	17.68712943931032	32.21275241285923	0.0
15.0	32.510743899741584	17.47331963034295	17.717168120586315	32.29876834932915	0.0
16.0	32.56031203974946	17.54153246907386	17.658860278052018	32.239295213124656	0.0
17.0	32.525590604280296	17.53892134807214	17.561126666342975	32.37436138130459	0.0
18.0	32.553471334315205	17.517902902983906	17.67510965089744	32.25351611180346	0.0
19.0	32.43154708919352	17.57914555920609	17.725994141162378	32.263313210438014	0.0
20.0	32.54160260248919	17.573340670367553	17.597488144755367	32.287568582387884	0.0
21.0	32.4700449393346	17.593236980810417	17.763283538608444	32.17343454124654	0.0
22.0	32.50679484897039	17.617578670809934	17.68861842566667	32.187008054553004	0.0
23.0	32.54078258101758	17.513889113675475	17.634302792928395	32.31102551237855	0.0
24.0	32.63551664050151	17.454523875033043	17.688747902741138	32.22121158172431	0.0
25.0	32.610139133906266	17.47208959813553	17.643862516926433	32.27390875103177	0.0
26.0	32.63879672638797	17.385620491904984	17.637410242715564	32.338172538991486	0.0
27.0	32.6827326136566	17.365896817561406	17.63369856658089	32.31767200220111	0.0
28.0	32.58441635511245	17.42193881129256	17.53089376945528	32.4627510641397	0.0
29.0	32.65565032558089	17.439526113907455	17.481174572860525	32.42364898765112	0.0
30.0	32.66290104175096	17.42521889717902	17.58177825972022	32.3301018013498	0.0
31.0	32.58750222538722	17.464644666353763	17.625886783088134	32.321966325170884	0.0
32.0	32.549069113783375	17.472499608871335	17.609572671705482	32.36885860563981	0.0
33.0	32.5258063994044	17.497402366193533	17.693560134008774	32.28323110039329	0.0
34.0	32.49220709858061	17.551739578444227	17.663694088832063	32.292359234143106	0.0
35.0	32.569159639837935	17.42025560932451	17.590302167122534	32.42028258371502	0.0
36.0	32.60489531239041	17.402625147684788	17.667966832289427	32.32451270763537	0.0
37.0	32.59035072102546	17.417881862959305	17.583331984613807	32.40843543140143	0.0
38.0	32.666094809587776	17.392202243190315	17.526059958675233	32.41564298854667	0.0
39.0	32.69114862349685	17.321140908821164	17.595955999374194	32.39175446830779	0.0
40.0	32.60034203527171	17.39800713202885	17.60527834873571	32.396372483963724	0.0
41.0	32.593328693738165	17.364450990229876	17.53445438900308	32.50776592702888	0.0
42.0	32.552543415281534	17.41632813806572	17.59392752520757	32.43720092144518	0.0
43.0	32.473389763758284	17.48663418950049	17.64319355204169	32.396782494699536	0.0
44.0	32.4969330117986	17.446237342267253	17.56153667707878	32.49529296885537	0.0
45.0	32.47701512184332	17.515766531255224	17.70905422391981	32.298164122981646	0.0
46.0	32.4862727326676	17.527958955767396	17.65873080097755	32.327037510587445	0.0
47.0	32.49829252108049	17.472693824483034	17.56842054153786	32.460593112898614	0.0
48.0	32.57237498718716	17.424290978145347	17.60877422974628	32.39455980492121	0.0
49.0	32.55588823970522	17.469823749332384	17.58199405484433	32.39229395611806	0.0
50.0	32.58590534146881	17.41773080637243	17.49833028522721	32.498033566931554	0.0
51.0	32.568835947151776	17.43521021142527	17.593970684232392	32.401983157190564	0.0
52.0	32.527424862835225	17.491532738817767	17.565313091750692	32.41572930659632	0.0
53.0	32.56070047097286	17.507544737026667	17.541446151024218	32.39030864097626	0.0
54.0	32.488819115132095	17.503207255032073	17.627721041643063	32.38025258819277	0.0
55.0	32.469138599813334	17.54927951402938	17.64155350909846	32.34002837705882	0.0
56.0	32.49149497467105	17.470276919093013	17.58715155831054	32.4510765479254	0.0
57.0	32.505629555300196	17.525887322575947	17.62830368847816	32.3401794336457	0.0
58.0	32.51542665393475	17.528649500164544	17.577893947486256	32.37802989841445	0.0
59.0	32.51562086954645	17.47679393184111	17.562809868311025	32.44477533030141	0.0
60.0	32.51700195834075	17.46477414342823	17.65353013848652	32.3646937597445	0.0
61.0	32.50936281094729	17.469910067382028	17.61231326978167	32.408413851889016	0.0
62.0	32.47239710618739	17.659982412697385	17.46317725950982	32.404443221605405	0.0
63.0	32.581395223374926	17.45260329842847	17.540604550040193	32.42539692815641	0.0
64.0	32.50116259623114	17.500617713542763	17.616931285437605	32.38128840478849	0.0
65.0	32.50459373870447	17.452883832089814	17.54176984371038	32.50075258549533	0.0
66.0	32.44820647277475	17.47040639616748	17.589633202237795	32.491753928819975	0.0
67.0	32.4133124012063	17.555580731653368	17.593668571058636	32.4374382960817	0.0
68.0	32.474792432064994	17.493539633471983	17.625908362600548	32.405759571862475	0.0
69.0	32.47925939113406	17.52839054601561	17.6793823943548	32.31296766849553	0.0
70.0	32.439876780984136	17.51486019173397	17.60620626776938	32.43905675951252	0.0
71.0	32.530597051159624	17.44852477058281	17.584281483159888	32.43659669509768	0.0
72.0	32.510938115353284	17.468895830298713	17.5765991767416	32.4435668776064	0.0
73.0	32.592465513241734	17.508321599473458	17.52804527381704	32.37116761346777	0.0
74.0	32.54820593328694	17.453919648685538	17.501221939890268	32.49665247813726	0.0
75.0	32.5088017436246	17.453639115024195	17.60905476340762	32.42850437794358	0.0
76.0	32.44022205318271	17.536223909020777	17.597725519391886	32.42582851840463	0.0
77.0	32.46952703103673	17.487885801220322	17.56129930244226	32.481287865300686	0.0
78.0	32.522828426691696	17.490302706610343	17.57709550552705	32.4097733611709	0.0
79.0	32.4358629916757	17.508321599473458	17.65497596581805	32.40083944303279	0.0
80.0	32.404011631357186	17.53827396269981	17.62901581238772	32.428698593555275	0.0
81.0	32.43912149804975	17.520211910811874	17.680612426562224	32.360054164576155	0.0
82.0	32.47874148283619	17.47655655720459	17.672692745507415	32.37200921445179	0.0
83.0	32.48892701269415	17.499970328170438	17.58505834560668	32.426044313528735	0.0
84.0	32.486207994130375	17.457652904332626	17.596387589622413	32.45975151191459	0.0
85.0	32.52938859846462	17.456466031150025	17.56518361467623	32.44896175570913	0.0
86.0	32.51091653584087	17.437173947054667	17.5435825227529	32.50832699435156	0.0
87.0	32.54414898495369	17.43797238901387	17.560630337557523	32.45724828847492	0.0
88.0	32.427490140860264	17.470557452754353	17.62100981328327	32.48094259310211	0.0
89.0	32.416376691968644	17.51870134494311	17.546258382291853	32.51866358079639	0.0
90.0	32.45757198116109	17.519737161538835	17.62642627089841	32.39626458640167	0.0
91.0	32.36460744169485	17.56151509756637	17.609205819994497	32.46467164074428	0.0
92.0	32.414542433413715	17.51302593317904	17.55866660192813	32.51376503147911	0.0
93.0	32.50575903237466	17.54947372964108	17.617211819098948	32.32755541888531	0.0
94.0	32.502932116248836	17.531497995802788	17.618851862042177	32.346718025906206	0.0
95.0	32.508089619715044	17.481368788472224	17.556918661422845	32.45362293038988	0.0
96.0	32.49419241372241	17.480009279190337	17.606076790694914	32.419721516392336	0.0
97.0	32.41475822853783	17.500811929154462	17.56682365761946	32.517606184688255	0.0
98.0	32.461758406568805	17.47142063325079	17.546279961804263	32.52054099837614	0.0
99.0	32.47211657252605	17.45117905060935	17.583849892911672	32.49285448395294	0.0
100.0	32.419872572979216	17.509637949730525	17.611040078549426	32.45944939874084	0.0
101.0	32.414305058777195	17.51960768446437	17.55987505462314	32.506212202135295	0.0
102.0	32.45791725335966	17.511040618037235	17.60484675848749	32.426195370115614	0.0
103.0	32.464844276843564	17.52409622304584	17.626749963584572	32.384309536526025	0.0
104.0	32.472332367650154	17.507242623852914	17.58855422661725	32.43187078187969	0.0
105.0	32.445767987872316	17.488490027567828	17.640819805676493	32.42492217888337	0.0
106.0	32.47211657252605	17.501092462815805	17.593021185686307	32.43376977897184	0.0
107.0	32.540847319554814	17.46013454825988	17.532965402646727	32.466052729538575	0.0
108.0	32.490221783438805	17.40594839259607	17.605386246297765	32.498443577667366	0.0
109.0	32.43200025895415	17.55868818144054	17.59256801592568	32.41674354367963	0.0
110.0	32.4548313830849	17.484260443135287	17.487238415847994	32.57366975793182	0.0
111.0	32.44378267273051	17.53866239392321	17.60320671554426	32.41434821780202	0.0
112.0	32.459773091426996	17.5382523831874	17.57653443820437	32.42544008718123	0.0
113.0	32.42192262665825	17.530570076769113	17.58121719239754	32.466290104175094	0.0
114.0	32.366182746100854	17.522348282540555	17.63326697633267	32.47820199502593	0.0
115.0	32.4038389952579	17.565356250775512	17.65939976586229	32.371404988104295	0.0
116.0	32.39699828982364	17.501675109650897	17.563090401972367	32.53823619855309	0.0
117.0	32.44227210686175	17.520924034721435	17.612140633682383	32.42466322473444	0.0
118.0	32.38761120192489	17.498071331078275	17.660694536606943	32.45362293038988	0.0
119.0	32.45321291965408	17.483936750449125	17.546021007655334	32.51682932224146	0.0
120.0	32.47231078813774	17.47826133868505	17.593172242273187	32.45625563090402	0.0
121.0	32.41307502656978	17.556206537513287	17.560889291706456	32.469829144210486	0.0
122.0	32.44917755083324	17.455753907240464	17.58009505775217	32.51497348417413	0.0
123.0	32.4097733611709	17.488166334881665	17.629188448487007	32.472871855460426	0.0
124.0	32.4540545206381	17.5595945209618	17.578606071395818	32.40774488700428	0.0
125.0	32.44665274788116	17.508731610209267	17.562033005864233	32.482582636045336	0.0
126.0	32.42664853987624	17.501092462815805	17.641488770561228	32.43077022674672	0.0
127.0	32.44799067765064	17.53959031295688	17.599236085260653	32.41318292413183	0.0
128.0	32.43187078187969	17.489525844163552	17.551717998931814	32.526885375024946	0.0
129.0	32.52666957990084	17.476211285006016	17.62029768937371	32.376821445719436	0.0
130.0	32.39514245175631	17.53352646996941	17.61729813714859	32.454032941125696	0.0
131.0	32.42658380133901	17.50178300721295	17.562507755137272	32.50912543631077	0.0
132.0	32.484654269236785	17.435728119723134	17.594143320331675	32.485474290708396	0.0
133.0	32.44853016546091	17.47370806156635	17.639201342245673	32.43856043072707	0.0
134.0	32.417110395390615	17.48948268513873	17.562809868311025	32.530597051159624	0.0
135.0	32.43886254390082	17.499150306698823	17.61939134985245	32.44259579954791	0.0
136.0	32.423929521312466	17.52946952163616	17.625519931377152	32.421081025674226	0.0
137.0	32.36020522116303	17.540863504189122	17.586158900739637	32.51277237390821	0.0
138.0	32.409190714335814	17.51846397030659	17.605602041421875	32.46674327393573	0.0
139.0	32.47222447008809	17.508904246308553	17.593646991546226	32.42522429205712	0.0
140.0	32.42699381207482	17.502106699899116	17.56695313469392	32.50394635333215	0.0
141.0	32.47582824866072	17.50948689314365	17.62010347376201	32.39458138443362	0.0
142.0	32.4204336403019	17.52152826106894	17.580483488975567	32.477554609653595	0.0
143.0	32.47140444861648	17.482512502630005	17.548847923781164	32.49723512497235	0.0
144.0	32.40509060697774	17.490108490998647	17.624052524533205	32.48074837749041	0.0
145.0	32.41585878367078	17.49343173590993	17.60266722773399	32.488042252685304	0.0
146.0	32.452436057207294	17.499452419872576	17.514191226849228	32.53392029607091	0.0
147.0	32.38543167117139	17.523017247425294	17.60952951268066	32.48202156872265	0.0
148.0	32.41365767340487	17.513543841476903	17.592136425677463	32.48066205944077	0.0
149.0	32.33398611358376	17.518593447381058	17.612636962467835	32.53478347656735	0.0
150.0	32.453342396728544	17.44835213448352	17.649559508202913	32.448745960585015	0.0
151.0	32.40099049961966	17.519327150803026	17.627764200667887	32.45191814890943	0.0
152.0	32.378073057439266	17.458623982391117	17.610975340012192	32.55232762015742	0.0
153.0	32.41432663828961	17.47062219129159	17.64930055405398	32.46575061636482	0.0
154.0	32.37887149939847	17.464709404890996	17.622304584027923	32.53411451168261	0.0
155.0	32.43215131554103	17.48680682559978	17.57536914453418	32.505672714325016	0.0
156.0	32.43318713213675	17.486871564137008	17.61002584146611	32.46991546226013	0.0
157.0	32.430489693085384	17.52804527381704	17.580958238248606	32.46050679484897	0.0
158.0	32.4022421113395	17.51850712933141	17.60903318389521	32.470217575433885	0.0
159.0	32.42766277695955	17.507587896051486	17.60883896828351	32.455910358705445	0.0
160.0	32.412859231445665	17.56270197074897	17.6325332729107	32.39190552489467	0.0
161.0	32.438128840478846	17.47867134942086	17.5914243017679	32.49177550833239	0.0
162.0	32.44071838196816	17.47508915036065	17.64569677548136	32.43849569218983	0.0
163.0	32.36326951192538	17.547056824251055	17.641186657387475	32.44848700643609	0.0
164.0	32.369851263210705	17.497316048143894	17.561428779516728	32.57140390912867	0.0
165.0	32.42651906280178	17.489331628551852	17.600854548691473	32.4832947599549	0.0
166.0	32.46298843877622	17.4902163885607	17.597531303780194	32.44926386888288	0.0
167.0	32.44531481811169	17.50014296426972	17.546733131564892	32.507809086053705	0.0
168.0	32.474274523767136	17.440669828065236	17.573016977681387	32.51203867048624	0.0
169.0	32.43564719655159	17.533655947043876	17.59837290476422	32.43232395164031	0.0
170.0	32.35554404648227	17.50855897410998	17.57586547331963	32.56003150608812	0.0
171.0	32.42887122965457	17.472154336672762	17.611536407334878	32.48743802633779	0.0
172.0	32.4000841600984	17.510544289251783	17.599236085260653	32.49013546538916	0.0
173.0	32.411888153387174	17.469284261522112	17.606141529232147	32.512686055858566	0.0
174.0	32.41715355441544	17.506724715555052	17.620686120597103	32.455435609432406	0.0
175.0	32.4498896747428	17.51207643463296	17.611083237574245	32.42695065305	0.0
176.0	32.38085681454027	17.4967334013088	17.59131640420585	32.531093379945084	0.0
177.0	32.39669617664988	17.498222387665148	17.64951634917809	32.45556508650687	0.0
178.0	32.38213000577252	17.478757667470504	17.631605353877028	32.507506972879945	0.0
179.0	32.38631643118024	17.5248083469554	17.556681286786326	32.532193935078034	0.0
180.0	32.44143050587772	17.45139484573346	17.634324372440805	32.47285027594802	0.0
181.0	32.401508407917525	17.494510711530474	17.599948209170215	32.504032671381786	0.0
182.0	32.4483143703368	17.47938347333042	17.563716207832282	32.508585948500496	0.0
183.0	32.43446032336899	17.480850880174362	17.659205550250594	32.42548324620605	0.0
184.0	32.373411882758504	17.514795453196736	17.6495379286905	32.46225473535426	0.0
185.0	32.3690528212515	17.4755854791461	17.626577327485286	32.528784372117116	0.0
186.0	32.372376066162786	17.499344522310516	17.64151035007364	32.48676906145306	0.0
187.0	32.383921105302626	17.512205911707426	17.604285691164808	32.499587291825144	0.0
188.0	32.4564066874909	17.42675104256019	17.560867712194042	32.555974557754865	0.0
189.0	32.40528482258944	17.487950539757556	17.589374248088866	32.51739038956415	0.0
190.0	32.378936237935704	17.460889831194265	17.63041848069443	32.5297554501756	0.0
191.0	32.394495066383975	17.431369058216127	17.606400483381076	32.56773539201882	0.0
192.0	32.37794358036481	17.50858055362239	17.671959042085444	32.441516823927365	0.0
193.0	32.39585457566586	17.51328488732797	17.617125501049305	32.473735035956864	0.0
194.0	32.37837517061302	17.49487756324146	17.604415168239274	32.52233209790625	0.0
195.0	32.39615668883962	17.500164543782134	17.615032288345446	32.48864647903281	0.0
196.0	32.395466144442466	17.514083329287175	17.585295720243202	32.50515480602716	0.0
197.0	32.365837473902275	17.52927530602446	17.610867442450136	32.49401977762312	0.0
198.0	32.37837517061302	17.491770113454287	17.657457609745308	32.47239710618739	0.0
199.0	32.376864604744256	17.499711374021505	17.603120397494617	32.52030362373962	0.0
200.0	32.4198509934668	17.419651382977	17.609313717556553	32.55118390599964	0.0
201.0	32.44607010104607	17.41522758293276	17.614125948824185	32.524576367196985	0.0
202.0	32.377296194992475	17.470751668366052	17.628756858238788	32.52319527840268	0.0
203.0	32.32384374275063	17.502732505759035	17.602235637485773	32.57118811400456	0.0
204.0	32.4107444392294	17.49487756324146	17.637474981252797	32.45690301627634	0.0
205.0	32.31585932315859	17.50965952924294	17.622498799639622	32.55198234795885	0.0
206.0	32.31711093487843	17.509335836556772	17.567665258603483	32.605887969961316	0.0
207.0	32.30692540502048	17.51632759857791	17.634000679754642	32.542746316646976	0.0
208.0	32.3109391943289	17.504372548702264	17.65305538921348	32.531632867755356	0.0
209.0	32.35353715182806	17.465443108312968	17.628951073850484	32.552068666008495	0.0
210.0	32.413830309504156	17.48674208706254	17.585123084143913	32.51430451928939	0.0
211.0	32.39099918537341	17.530699553843583	17.577354459675984	32.50094680110703	0.0
212.0	32.422613171055396	17.436763936318858	17.517363415173634	32.6232594774521	0.0
213.0	32.40871596506277	17.46503309757716	17.587798943682866	32.53845199367721	0.0
214.0	32.34227264634956	17.47165800788731	17.612615382955422	32.573453962807704	0.0
215.0	32.39760251617115	17.49610759544888	17.54334514811638	32.562944740263596	0.0
216.0	32.3672617217214	17.542611444694405	17.610500590739154	32.47962624284504	0.0
217.0	32.32608801204137	17.53730288464132	17.660910331731056	32.47569877158625	0.0
218.0	32.39941519521366	17.494748086166993	17.639266080782907	32.46657063783644	0.0
219.0	32.39960941082536	17.556659707273916	17.638985547121564	32.404745334779165	0.0
220.0	32.3895965170667	17.532512232886095	17.62690102017145	32.45099022987576	0.0
221.0	32.38398584383986	17.525283096228442	17.547898425235083	32.542832634696616	0.0
222.0	32.33519456627877	17.472780142532677	17.59487702375365	32.5971482674349	0.0
223.0	32.42166367250932	17.490345865635167	17.584648334870874	32.50334212698464	0.0
224.0	32.38137472283814	17.468011070289865	17.57545546258382	32.575158744288174	0.0
225.0	32.392617648804226	17.475520740608864	17.586504172938213	32.5453574376487	0.0
226.0	32.408651226525535	17.50965952924294	17.521614579118587	32.56007466511294	0.0
227.0	32.35517719477129	17.463716747320092	17.60685365314171	32.57425240476691	0.0
228.0	32.3508612922891	17.533008561671547	17.607349981927158	32.508780164112196	0.0
229.0	32.35088287180151	17.50100614476616	17.644768856447687	32.50334212698464	0.0
230.0	32.298530974692625	17.522866190838418	17.60952951268066	32.569073321788295	0.0
231.0	32.374922448627274	17.57726814162634	17.573836999153002	32.47397241059338	0.0
232.0	32.35586773916843	17.526059958675233	17.583245666564164	32.53482663559217	0.0
233.0	32.42524587156953	17.472909619607144	17.558127114117855	32.54371739470547	0.0
234.0	32.39950151326331	17.4965391856971	17.5516964194194	32.552262881620194	0.0
235.0	32.381978949185644	17.469197943472466	17.5617740517153	32.587049055626586	0.0
236.0	32.33195763941713	17.497812376929343	17.54459675983621	32.62563322381731	0.0
237.0	32.35280344840608	17.453207524775976	17.662938805897678	32.53105022092026	0.0
238.0	32.40094734059484	17.462508294625085	17.635295450499296	32.50124891428079	0.0
239.0	32.29624354637707	17.511946957558493	17.621182449382555	32.570627046681885	0.0
240.0	32.33774094874327	17.57489439526114	17.57472175916185	32.512642896833746	0.0
241.0	32.370477069070624	17.52269355473913	17.58121719239754	32.52561218379271	0.0
242.0	32.31594564120824	17.487087359261118	17.596279692060357	32.60068730747029	0.0
243.0	32.32088734955034	17.53585705730979	17.598070791590466	32.54518480154941	0.0
244.0	32.31894519343336	17.531325359703498	17.574743338674264	32.57498610818889	0.0
245.0	32.30053786934684	17.52411780255825	17.569132665447423	32.60621166264748	0.0
246.0	32.28446113260071	17.524527813294057	17.578066583585546	32.612944470519686	0.0
247.0	32.370002319797585	17.502581449172155	17.53818764465017	32.589228586380095	0.0
248.0	32.37606616278505	17.434368610441247	17.523448837673513	32.66611638910019	0.0
249.0	32.361737366544205	17.493172781760997	17.571938002060843	32.57315184963396	0.0
250.0	32.279448049178434	17.55330165198678	17.548032225566004	32.61921807326878	0.0
251.0	32.28066436715478	17.55644693641084	17.52160628376674	32.64128241266764	0.0
252.0	32.30184126363384	17.54369989172091	17.640558413821655	32.51390043082359	0.0
253.0	32.26896850308475	17.57521376772378	17.56393549085399	32.59188223833748	0.0
254.0	32.256975670756525	17.55582713946532	17.58641824321704	32.60077894656111	0.0
255.0	32.327838084026986	17.512759861775663	17.602028481394854	32.5573735728025	0.0
256.0	32.33539691682137	17.538231562627367	17.5077400657401	32.61863145481117	0.0
257.0	32.35238473186007	17.47548605947814	17.518168108190412	32.65396110047137	0.0
258.0	32.37537755976499	17.509903402961868	17.502642429217463	32.61207660805568	0.0
259.0	32.34764164871029	17.471314938077953	17.50873993305713	32.67230348015463	0.0
260.0	32.31481628689338	17.440598060432837	17.56449706564731	32.680088587026475	0.0
261.0	32.34258660995416	17.502443677697876	17.573116319058418	32.58185339328954	0.0
262.0	32.35734212362526	17.490494711380904	17.531579202301952	32.62058396269188	0.0
263.0	32.27561369004653	17.511561801446057	17.516082779768293	32.69674172873911	0.0
264.0	32.25360189218076	17.518740464164935	17.58292664957513	32.644730994079175	0.0
265.0	32.22793110850893	17.504096020748943	17.62443270085273	32.6435401698894	0.0
266.0	32.241636813136985	17.504982403321222	17.568924523763734	32.68445625977806	0.0
267.0	32.287713203340516	17.474698017436697	17.620950350731515	32.61663842849127	0.0
268.0	32.28075173905342	17.52017161484645	17.559155034381575	32.639921611718556	0.0
269.0	32.318154320658046	17.470070798183098	17.562779303875363	32.64899557728349	0.0
270.0	32.28821223334387	17.465152914048584	17.525780453074262	32.72085439953328	0.0
271.0	32.26626025212971	17.475641556473708	17.522772722067074	32.7353254693295	0.0
272.0	32.28475295290131	17.455929725689415	17.549130500929362	32.71018682047991	0.0
273.0	32.245573292066695	17.497334372357827	17.57857254811927	32.6785197874562	0.0
274.0	32.212239820484754	17.565244914884097	17.552115475409487	32.67039978922166	0.0
275.0	32.14315751079839	17.550729615861655	17.60643680277487	32.69967607056509	0.0
276.0	32.23155239574139	17.561715474448963	17.60989424383377	32.59683788597588	0.0
277.0	32.22964004675426	17.570731137900893	17.630694125957337	32.568934689387504	0.0
278.0	32.17277416512926	17.572184628897322	17.62343512089982	32.63160608507359	0.0
279.0	32.18339583953331	17.52462538015114	17.645534755769514	32.64644402454603	0.0
280.0	32.22410331431384	17.552090323334316	17.595741370000805	32.628064992351035	0.0
281.0	32.212057452511104	17.559670691832103	17.57885338836988	32.649418467286914	0.0
282.0	32.25771453561789	17.47808589813424	17.620291278316085	32.64390828793179	0.0
283.0	32.223834889921235	17.481536996828254	17.62138785843507	32.67324025481545	0.0
284.0	32.17704066474908	17.561179465679384	17.58576869640474	32.6760111731668	0.0
285.0	32.10145354763826	17.597413615020727	17.70484211341155	32.596290723929464	0.0
286.0	32.07152796415032	17.633145169110996	17.63165669463946	32.66367017209922	0.0
287.0	31.9868948239529	17.66820118118426	17.670462253656154	32.67444174120669	0.0
288.0	31.864894331655115	17.82918811860537	17.91660932672747	32.38930822301205	0.0
289.0	31.535218761511068	18.014115699623005	18.07684961595656	32.37381592290936	0.0
290.0	31.397767325042942	17.836963802994543	17.568990787842946	33.19627808411957	0.0
291.0	32.76647546648713	17.12595868307602	17.112969685696044	32.994596164740805	0.0
292.0	33.1966514157695	17.175982495262815	17.661864617235775	31.965501471731905	0.0
293.0	32.602536508597744	17.181837117267236	17.358767849290658	32.85685852484436	0.0
294.0	32.335849881537186	17.18577756398693	16.838080002833973	33.640292551641906	0.0
295.0	30.399314070959672	17.552289615320525	16.720038146918355	35.32835816680145	0.0
296.0	30.627223073050075	17.57697815882976	17.04031172464132	34.755487043478844	0.0
297.0	31.293751156546453	17.076740763253255	17.729847905716493	33.8996601744838	0.0
298.0	32.297616374464404	16.75289551913959	17.925689658387626	33.023798448008385	0.0
299.0	30.92786565718476	18.506493594118858	18.64362271328895	31.922018035407433	0.0
300.0	27.191468784824668	18.271731001788588	21.0109851627483	33.52581505063844	0.0
